Id,Predicted
0,0.40
1,0.28
2,0.34
3,0.34
4,0.88
5,0.28
6,0.46
7,0.47
8,0.47
9,0.63
10,0.60
11,0.51
12,0.37
13,0.60
14,0.88
15,0.88
16,0.88
17,0.47
18,0.60
19,0.37
20,0.46
21,0.88
22,0.34
23,0.51
24,0.47
25,0.51
26,0.60
27,0.41
28,0.51
29,0.60
30,0.34
31,0.37
32,0.60
33,0.47
34,0.37
35,0.47
36,0.47
37,0.60
38,0.37
39,0.88
40,0.60
41,0.40
42,0.60
43,0.40
44,0.88
45,0.47
46,0.60
47,0.16
48,0.40
49,0.47
50,0.28
51,0.16
52,0.28
53,0.37
54,0.37
55,0.47
56,0.47
57,0.40
58,0.40
59,0.51
60,0.60
61,0.47
62,0.16
63,0.88
64,0.88
65,0.63
66,0.60
67,0.41
68,0.28
69,0.41
70,0.63
71,0.88
72,0.88
73,0.40
74,0.16
75,0.88
76,0.60
77,0.47
78,0.60
79,0.28
80,0.63
81,0.28
82,0.16
83,0.88
84,0.28
85,0.88
86,0.41
87,0.51
88,0.40
89,0.88
90,0.51
91,0.88
92,0.51
93,0.28
94,0.88
95,0.47
96,0.40
97,0.51
98,0.88
99,0.46
100,0.40
101,0.51
102,0.16
103,0.63
104,0.63
105,0.41
106,0.37
107,0.34
108,0.46
109,0.63
110,0.16
111,0.51
112,0.37
113,0.60
114,0.34
115,0.46
116,0.41
117,0.60
118,0.16
119,0.37
120,0.28
121,0.88
122,0.28
123,0.47
124,0.40
125,0.16
126,0.63
127,0.63
128,0.60
129,0.88
130,0.16
131,0.88
132,0.28
133,0.41
134,0.51
135,0.60
136,0.16
137,0.37
138,0.41
139,0.63
140,0.60
141,0.51
142,0.60
143,0.88
144,0.88
145,0.47
146,0.47
147,0.60
148,0.63
149,0.37
150,0.37
151,0.88
152,0.16
153,0.47
154,0.47
155,0.41
156,0.16
157,0.63
158,0.47
159,0.34
160,0.28
161,0.41
162,0.40
163,0.28
164,0.51
165,0.41
166,0.28
167,0.40
168,0.88
169,0.40
170,0.34
171,0.40
172,0.51
173,0.46
174,0.34
175,0.51
176,0.40
177,0.28
178,0.60
179,0.46
180,0.47
181,0.51
182,0.88
183,0.51
184,0.40
185,0.41
186,0.47
187,0.63
188,0.60
189,0.60
190,0.60
191,0.41
192,0.63
193,0.37
194,0.47
195,0.16
196,0.47
197,0.63
198,0.16
199,0.28
200,0.47
201,0.37
202,0.40
203,0.47
204,0.63
205,0.34
206,0.16
207,0.46
208,0.88
209,0.60
210,0.37
211,0.51
212,0.34
213,0.51
214,0.34
215,0.63
216,0.47
217,0.51
218,0.41
219,0.16
220,0.16
221,0.60
222,0.16
223,0.16
224,0.60
225,0.51
226,0.60
227,0.88
228,0.63
229,0.51
230,0.28
231,0.28
232,0.51
233,0.40
234,0.16
235,0.28
236,0.60
237,0.16
238,0.60
239,0.46
240,0.40
241,0.60
242,0.28
243,0.16
244,0.60
245,0.34
246,0.40
247,0.51
248,0.60
249,0.28
250,0.88
251,0.63
252,0.40
253,0.28
254,0.46
255,0.60
256,0.51
257,0.34
258,0.63
259,0.34
260,0.28
261,0.28
262,0.16
263,0.88
264,0.51
265,0.60
266,0.47
267,0.60
268,0.46
269,0.41
270,0.47
271,0.88
272,0.28
273,0.47
274,0.60
275,0.46
276,0.40
277,0.28
278,0.88
279,0.40
280,0.88
281,0.60
282,0.88
283,0.60
284,0.63
285,0.51
286,0.47
287,0.51
288,0.88
289,0.60
290,0.60
291,0.37
292,0.88
293,0.34
294,0.28
295,0.28
296,0.16
297,0.40
298,0.28
299,0.47
300,0.40
301,0.41
302,0.40
303,0.47
304,0.47
305,0.47
306,0.34
307,0.60
308,0.40
309,0.47
310,0.47
311,0.28
312,0.88
313,0.46
314,0.60
315,0.34
316,0.47
317,0.63
318,0.40
319,0.28
320,0.40
321,0.88
322,0.28
323,0.28
324,0.60
325,0.88
326,0.40
327,0.47
328,0.47
329,0.47
330,0.16
331,0.60
332,0.16
333,0.16
334,0.88
335,0.63
336,0.40
337,0.51
338,0.51
339,0.51
340,0.47
341,0.41
342,0.40
343,0.16
344,0.88
345,0.34
346,0.16
347,0.40
348,0.40
349,0.37
350,0.88
351,0.40
352,0.63
353,0.63
354,0.51
355,0.46
356,0.40
357,0.16
358,0.47
359,0.46
360,0.37
361,0.51
362,0.28
363,0.51
364,0.40
365,0.51
366,0.41
367,0.88
368,0.28
369,0.28
370,0.40
371,0.88
372,0.37
373,0.47
374,0.88
375,0.40
376,0.60
377,0.41
378,0.60
379,0.41
380,0.51
381,0.16
382,0.16
383,0.41
384,0.47
385,0.40
386,0.16
387,0.60
388,0.88
389,0.16
390,0.88
391,0.51
392,0.63
393,0.47
394,0.51
395,0.51
396,0.40
397,0.16
398,0.41
399,0.88
400,0.47
401,0.40
402,0.63
403,0.60
404,0.37
405,0.51
406,0.28
407,0.16
408,0.47
409,0.40
410,0.16
411,0.88
412,0.51
413,0.47
414,0.28
415,0.40
416,0.34
417,0.88
418,0.47
419,0.47
420,0.41
421,0.40
422,0.40
423,0.88
424,0.88
425,0.46
426,0.60
427,0.63
428,0.88
429,0.28
430,0.47
431,0.88
432,0.51
433,0.28
434,0.88
435,0.51
436,0.28
437,0.51
438,0.37
439,0.28
440,0.88
441,0.40
442,0.47
443,0.40
444,0.60
445,0.41
446,0.46
447,0.28
448,0.41
449,0.88
450,0.37
451,0.28
452,0.60
453,0.28
454,0.37
455,0.47
456,0.37
457,0.47
458,0.47
459,0.41
460,0.60
461,0.47
462,0.60
463,0.88
464,0.88
465,0.41
466,0.47
467,0.37
468,0.88
469,0.47
470,0.47
471,0.47
472,0.40
473,0.47
474,0.88
475,0.88
476,0.88
477,0.60
478,0.28
479,0.40
480,0.28
481,0.88
482,0.88
483,0.60
484,0.16
485,0.60
486,0.40
487,0.88
488,0.47
489,0.40
490,0.34
491,0.16
492,0.34
493,0.51
494,0.60
495,0.41
496,0.41
497,0.63
498,0.88
499,0.63
500,0.88
501,0.37
502,0.28
503,0.47
504,0.28
505,0.88
506,0.47
507,0.88
508,0.40
509,0.40
510,0.51
511,0.60
512,0.51
513,0.37
514,0.46
515,0.51
516,0.37
517,0.88
518,0.40
519,0.51
520,0.16
521,0.51
522,0.16
523,0.40
524,0.16
525,0.40
526,0.46
527,0.60
528,0.51
529,0.41
530,0.51
531,0.40
532,0.34
533,0.51
534,0.46
535,0.41
536,0.47
537,0.40
538,0.28
539,0.28
540,0.88
541,0.46
542,0.60
543,0.88
544,0.60
545,0.46
546,0.88
547,0.47
548,0.40
549,0.40
550,0.40
551,0.47
552,0.88
553,0.28
554,0.63
555,0.47
556,0.28
557,0.88
558,0.63
559,0.46
560,0.60
561,0.40
562,0.60
563,0.88
564,0.60
565,0.88
566,0.37
567,0.88
568,0.37
569,0.88
570,0.51
571,0.37
572,0.60
573,0.16
574,0.63
575,0.51
576,0.51
577,0.60
578,0.60
579,0.28
580,0.63
581,0.41
582,0.51
583,0.51
584,0.40
585,0.47
586,0.28
587,0.41
588,0.16
589,0.47
590,0.34
591,0.41
592,0.63
593,0.88
594,0.46
595,0.88
596,0.47
597,0.60
598,0.40
599,0.51
600,0.47
601,0.88
602,0.60
603,0.40
604,0.46
605,0.28
606,0.40
607,0.16
608,0.88
609,0.28
610,0.46
611,0.60
612,0.40
613,0.37
614,0.60
615,0.47
616,0.40
617,0.60
618,0.63
619,0.28
620,0.34
621,0.51
622,0.51
623,0.60
624,0.40
625,0.63
626,0.40
627,0.88
628,0.51
629,0.60
630,0.41
631,0.40
632,0.28
633,0.51
634,0.88
635,0.46
636,0.88
637,0.63
638,0.40
639,0.60
640,0.37
641,0.51
642,0.60
643,0.51
644,0.60
645,0.60
646,0.37
647,0.37
648,0.88
649,0.41
650,0.37
651,0.63
652,0.60
653,0.60
654,0.88
655,0.40
656,0.51
657,0.51
658,0.16
659,0.28
660,0.88
661,0.51
662,0.51
663,0.40
664,0.47
665,0.46
666,0.47
667,0.88
668,0.37
669,0.88
670,0.40
671,0.63
672,0.88
673,0.51
674,0.63
675,0.88
676,0.28
677,0.16
678,0.28
679,0.47
680,0.88
681,0.88
682,0.47
683,0.40
684,0.47
685,0.60
686,0.51
687,0.63
688,0.37
689,0.28
690,0.47
691,0.88
692,0.47
693,0.46
694,0.46
695,0.47
696,0.60
697,0.47
698,0.63
699,0.37
700,0.28
701,0.37
702,0.47
703,0.40
704,0.37
705,0.37
706,0.47
707,0.28
708,0.47
709,0.16
710,0.88
711,0.41
712,0.47
713,0.46
714,0.47
715,0.37
716,0.28
717,0.40
718,0.51
719,0.60
720,0.16
721,0.60
722,0.16
723,0.51
724,0.37
725,0.51
726,0.40
727,0.40
728,0.34
729,0.47
730,0.40
731,0.28
732,0.40
733,0.88
734,0.28
735,0.47
736,0.60
737,0.28
738,0.63
739,0.37
740,0.51
741,0.28
742,0.46
743,0.37
744,0.88
745,0.40
746,0.40
747,0.41
748,0.28
749,0.60
750,0.51
751,0.47
752,0.28
753,0.88
754,0.47
755,0.40
756,0.28
757,0.60
758,0.28
759,0.60
760,0.16
761,0.51
762,0.40
763,0.40
764,0.47
765,0.16
766,0.60
767,0.47
768,0.16
769,0.60
770,0.63
771,0.63
772,0.47
773,0.47
774,0.41
775,0.28
776,0.51
777,0.47
778,0.63
779,0.63
780,0.47
781,0.60
782,0.60
783,0.46
784,0.63
785,0.28
786,0.46
787,0.46
788,0.88
789,0.28
790,0.16
791,0.46
792,0.47
793,0.16
794,0.47
795,0.16
796,0.16
797,0.47
798,0.28
799,0.88
800,0.60
801,0.60
802,0.41
803,0.88
804,0.37
805,0.37
806,0.28
807,0.51
808,0.28
809,0.16
810,0.41
811,0.34
812,0.88
813,0.28
814,0.47
815,0.40
816,0.88
817,0.34
818,0.28
819,0.47
820,0.41
821,0.28
822,0.88
823,0.37
824,0.40
825,0.16
826,0.63
827,0.60
828,0.88
829,0.63
830,0.28
831,0.28
832,0.34
833,0.60
834,0.34
835,0.40
836,0.63
837,0.51
838,0.47
839,0.41
840,0.16
841,0.40
842,0.46
843,0.63
844,0.41
845,0.63
846,0.60
847,0.16
848,0.40
849,0.41
850,0.16
851,0.51
852,0.16
853,0.40
854,0.60
855,0.88
856,0.37
857,0.41
858,0.41
859,0.51
860,0.63
861,0.16
862,0.63
863,0.47
864,0.60
865,0.60
866,0.51
867,0.28
868,0.51
869,0.47
870,0.16
871,0.60
872,0.88
873,0.88
874,0.16
875,0.16
876,0.40
877,0.37
878,0.46
879,0.60
880,0.47
881,0.34
882,0.40
883,0.37
884,0.34
885,0.47
886,0.88
887,0.40
888,0.63
889,0.37
890,0.88
891,0.34
892,0.47
893,0.40
894,0.88
895,0.60
896,0.41
897,0.37
898,0.16
899,0.16
900,0.51
901,0.40
902,0.37
903,0.47
904,0.88
905,0.88
906,0.40
907,0.46
908,0.28
909,0.34
910,0.88
911,0.60
912,0.47
913,0.37
914,0.47
915,0.46
916,0.46
917,0.88
918,0.28
919,0.51
920,0.47
921,0.46
922,0.28
923,0.47
924,0.16
925,0.41
926,0.41
927,0.88
928,0.28
929,0.88
930,0.41
931,0.40
932,0.40
933,0.47
934,0.63
935,0.40
936,0.63
937,0.40
938,0.60
939,0.47
940,0.47
941,0.28
942,0.41
943,0.47
944,0.47
945,0.40
946,0.28
947,0.88
948,0.16
949,0.16
950,0.60
951,0.88
952,0.37
953,0.47
954,0.47
955,0.37
956,0.51
957,0.51
958,0.60
959,0.16
960,0.40
961,0.40
962,0.60
963,0.88
964,0.51
965,0.40
966,0.40
967,0.88
968,0.40
969,0.51
970,0.40
971,0.28
972,0.51
973,0.16
974,0.60
975,0.60
976,0.63
977,0.60
978,0.40
979,0.63
980,0.51
981,0.51
982,0.41
983,0.47
984,0.41
985,0.60
986,0.16
987,0.63
988,0.60
989,0.41
990,0.28
991,0.16
992,0.46
993,0.60
994,0.28
995,0.40
996,0.60
997,0.47
998,0.37
999,0.51
1000,0.34
1001,0.37
1002,0.47
1003,0.51
1004,0.88
1005,0.16
1006,0.47
1007,0.88
1008,0.41
1009,0.34
1010,0.47
1011,0.46
1012,0.51
1013,0.46
1014,0.16
1015,0.63
1016,0.51
1017,0.51
1018,0.47
1019,0.60
1020,0.28
1021,0.60
1022,0.46
1023,0.51
1024,0.60
1025,0.40
1026,0.88
1027,0.60
1028,0.88
1029,0.51
1030,0.16
1031,0.88
1032,0.60
1033,0.47
1034,0.51
1035,0.88
1036,0.51
1037,0.51
1038,0.47
1039,0.60
1040,0.63
1041,0.60
1042,0.88
1043,0.51
1044,0.34
1045,0.51
1046,0.40
1047,0.34
1048,0.40
1049,0.40
1050,0.46
1051,0.88
1052,0.60
1053,0.34
1054,0.16
1055,0.88
1056,0.28
1057,0.40
1058,0.51
1059,0.60
1060,0.28
1061,0.40
1062,0.47
1063,0.51
1064,0.88
1065,0.60
1066,0.88
1067,0.34
1068,0.16
1069,0.40
1070,0.88
1071,0.28
1072,0.60
1073,0.60
1074,0.16
1075,0.28
1076,0.40
1077,0.51
1078,0.28
1079,0.28
1080,0.16
1081,0.41
1082,0.60
1083,0.88
1084,0.60
1085,0.51
1086,0.63
1087,0.41
1088,0.47
1089,0.47
1090,0.47
1091,0.47
1092,0.28
1093,0.63
1094,0.40
1095,0.41
1096,0.63
1097,0.41
1098,0.63
1099,0.46
1100,0.60
1101,0.40
1102,0.60
1103,0.41
1104,0.47
1105,0.51
1106,0.40
1107,0.60
1108,0.34
1109,0.28
1110,0.63
1111,0.37
1112,0.28
1113,0.60
1114,0.88
1115,0.47
1116,0.63
1117,0.63
1118,0.88
1119,0.63
1120,0.88
1121,0.47
1122,0.37
1123,0.88
1124,0.88
1125,0.28
1126,0.37
1127,0.40
1128,0.60
1129,0.16
1130,0.41
1131,0.51
1132,0.63
1133,0.51
1134,0.47
1135,0.37
1136,0.46
1137,0.47
1138,0.60
1139,0.60
1140,0.88
1141,0.16
1142,0.28
1143,0.60
1144,0.60
1145,0.40
1146,0.40
1147,0.16
1148,0.88
1149,0.88
1150,0.63
1151,0.40
1152,0.88
1153,0.16
1154,0.16
1155,0.16
1156,0.16
1157,0.41
1158,0.47
1159,0.88
1160,0.46
1161,0.28
1162,0.47
1163,0.51
1164,0.28
1165,0.88
1166,0.46
1167,0.47
1168,0.63
1169,0.63
1170,0.47
1171,0.51
1172,0.88
1173,0.16
1174,0.88
1175,0.63
1176,0.63
1177,0.40
1178,0.40
1179,0.40
1180,0.40
1181,0.37
1182,0.34
1183,0.41
1184,0.47
1185,0.46
1186,0.88
1187,0.63
1188,0.47
1189,0.41
1190,0.63
1191,0.88
1192,0.51
1193,0.63
1194,0.60
1195,0.60
1196,0.40
1197,0.37
1198,0.47
1199,0.88
1200,0.47
1201,0.40
1202,0.40
1203,0.88
1204,0.34
1205,0.46
1206,0.28
1207,0.40
1208,0.37
1209,0.40
1210,0.51
1211,0.63
1212,0.28
1213,0.51
1214,0.37
1215,0.63
1216,0.51
1217,0.37
1218,0.40
1219,0.40
1220,0.28
1221,0.88
1222,0.60
1223,0.60
1224,0.60
1225,0.37
1226,0.51
1227,0.28
1228,0.63
1229,0.60
1230,0.40
1231,0.47
1232,0.46
1233,0.16
1234,0.28
1235,0.47
1236,0.51
1237,0.60
1238,0.51
1239,0.16
1240,0.41
1241,0.16
1242,0.51
1243,0.63
1244,0.16
1245,0.41
1246,0.47
1247,0.28
1248,0.60
1249,0.28
1250,0.60
1251,0.88
1252,0.60
1253,0.41
1254,0.47
1255,0.60
1256,0.88
1257,0.88
1258,0.60
1259,0.34
1260,0.40
1261,0.41
1262,0.37
1263,0.88
1264,0.51
1265,0.51
1266,0.63
1267,0.46
1268,0.40
1269,0.40
1270,0.28
1271,0.47
1272,0.88
1273,0.88
1274,0.60
1275,0.40
1276,0.51
1277,0.47
1278,0.60
1279,0.88
1280,0.37
1281,0.40
1282,0.60
1283,0.51
1284,0.60
1285,0.88
1286,0.88
1287,0.60
1288,0.60
1289,0.46
1290,0.47
1291,0.88
1292,0.40
1293,0.88
1294,0.28
1295,0.28
1296,0.46
1297,0.51
1298,0.40
1299,0.88
1300,0.37
1301,0.60
1302,0.16
1303,0.63
1304,0.47
1305,0.40
1306,0.88
1307,0.47
1308,0.34
1309,0.40
1310,0.40
1311,0.47
1312,0.28
1313,0.40
1314,0.16
1315,0.88
1316,0.40
1317,0.16
1318,0.60
1319,0.37
1320,0.47
1321,0.46
1322,0.16
1323,0.60
1324,0.46
1325,0.63
1326,0.51
1327,0.40
1328,0.88
1329,0.40
1330,0.47
1331,0.60
1332,0.88
1333,0.40
1334,0.63
1335,0.60
1336,0.47
1337,0.40
1338,0.51
1339,0.88
1340,0.60
1341,0.28
1342,0.37
1343,0.28
1344,0.41
1345,0.88
1346,0.37
1347,0.40
1348,0.16
1349,0.60
1350,0.47
1351,0.16
1352,0.28
1353,0.46
1354,0.63
1355,0.51
1356,0.40
1357,0.63
1358,0.46
1359,0.34
1360,0.40
1361,0.34
1362,0.88
1363,0.47
1364,0.41
1365,0.34
1366,0.60
1367,0.88
1368,0.88
1369,0.63
1370,0.88
1371,0.40
1372,0.60
1373,0.28
1374,0.28
1375,0.88
1376,0.63
1377,0.28
1378,0.40
1379,0.60
1380,0.60
1381,0.63
1382,0.37
1383,0.40
1384,0.63
1385,0.47
1386,0.51
1387,0.46
1388,0.88
1389,0.41
1390,0.28
1391,0.41
1392,0.37
1393,0.51
1394,0.88
1395,0.47
1396,0.60
1397,0.16
1398,0.47
1399,0.88
1400,0.51
1401,0.40
1402,0.46
1403,0.16
1404,0.28
1405,0.28
1406,0.47
1407,0.40
1408,0.51
1409,0.60
1410,0.88
1411,0.51
1412,0.88
1413,0.40
1414,0.63
1415,0.28
1416,0.63
1417,0.40
1418,0.60
1419,0.37
1420,0.63
1421,0.40
1422,0.60
1423,0.40
1424,0.40
1425,0.47
1426,0.51
1427,0.41
1428,0.51
1429,0.16
1430,0.51
1431,0.63
1432,0.60
1433,0.51
1434,0.40
1435,0.28
1436,0.40
1437,0.63
1438,0.16
1439,0.51
1440,0.46
1441,0.40
1442,0.40
1443,0.47
1444,0.60
1445,0.37
1446,0.28
1447,0.16
1448,0.16
1449,0.16
1450,0.47
1451,0.60
1452,0.88
1453,0.88
1454,0.16
1455,0.47
1456,0.34
1457,0.60
1458,0.16
1459,0.41
1460,0.46
1461,0.16
1462,0.47
1463,0.16
1464,0.60
1465,0.28
1466,0.88
1467,0.40
1468,0.60
1469,0.63
1470,0.63
1471,0.63
1472,0.16
1473,0.16
1474,0.47
1475,0.88
1476,0.40
1477,0.40
1478,0.16
1479,0.47
1480,0.88
1481,0.60
1482,0.47
1483,0.63
1484,0.63
1485,0.47
1486,0.40
1487,0.88
1488,0.28
1489,0.60
1490,0.28
1491,0.46
1492,0.60
1493,0.47
1494,0.63
1495,0.88
1496,0.51
1497,0.63
1498,0.16
1499,0.16
1500,0.16
1501,0.60
1502,0.37
1503,0.88
1504,0.88
1505,0.88
1506,0.51
1507,0.28
1508,0.60
1509,0.60
1510,0.63
1511,0.51
1512,0.37
1513,0.40
1514,0.16
1515,0.47
1516,0.46
1517,0.16
1518,0.51
1519,0.28
1520,0.16
1521,0.16
1522,0.28
1523,0.28
1524,0.46
1525,0.60
1526,0.16
1527,0.16
1528,0.51
1529,0.60
1530,0.37
1531,0.88
1532,0.88
1533,0.60
1534,0.51
1535,0.51
1536,0.40
1537,0.60
1538,0.88
1539,0.51
1540,0.47
1541,0.88
1542,0.63
1543,0.47
1544,0.47
1545,0.46
1546,0.51
1547,0.47
1548,0.41
1549,0.63
1550,0.28
1551,0.41
1552,0.41
1553,0.40
1554,0.51
1555,0.16
1556,0.28
1557,0.88
1558,0.51
1559,0.40
1560,0.88
1561,0.60
1562,0.28
1563,0.28
1564,0.88
1565,0.88
1566,0.37
1567,0.63
1568,0.41
1569,0.88
1570,0.46
1571,0.88
1572,0.88
1573,0.28
1574,0.28
1575,0.37
1576,0.88
1577,0.88
1578,0.88
1579,0.41
1580,0.28
1581,0.47
1582,0.40
1583,0.37
1584,0.28
1585,0.41
1586,0.28
1587,0.63
1588,0.63
1589,0.88
1590,0.47
1591,0.88
1592,0.51
1593,0.60
1594,0.40
1595,0.28
1596,0.51
1597,0.60
1598,0.88
1599,0.37
1600,0.28
1601,0.47
1602,0.47
1603,0.46
1604,0.46
1605,0.28
1606,0.28
1607,0.40
1608,0.60
1609,0.40
1610,0.51
1611,0.37
1612,0.40
1613,0.16
1614,0.88
1615,0.88
1616,0.16
1617,0.63
1618,0.63
1619,0.41
1620,0.88
1621,0.60
1622,0.88
1623,0.41
1624,0.60
1625,0.41
1626,0.60
1627,0.60
1628,0.46
1629,0.16
1630,0.63
1631,0.60
1632,0.40
1633,0.40
1634,0.41
1635,0.51
1636,0.88
1637,0.63
1638,0.41
1639,0.16
1640,0.16
1641,0.16
1642,0.88
1643,0.88
1644,0.63
1645,0.34
1646,0.28
1647,0.88
1648,0.40
1649,0.16
1650,0.60
1651,0.40
1652,0.28
1653,0.88
1654,0.16
1655,0.51
1656,0.40
1657,0.63
1658,0.41
1659,0.60
1660,0.60
1661,0.28
1662,0.47
1663,0.47
1664,0.46
1665,0.88
1666,0.46
1667,0.63
1668,0.16
1669,0.60
1670,0.47
1671,0.88
1672,0.34
1673,0.47
1674,0.16
1675,0.28
1676,0.47
1677,0.63
1678,0.41
1679,0.88
1680,0.60
1681,0.88
1682,0.88
1683,0.40
1684,0.47
1685,0.40
1686,0.60
1687,0.60
1688,0.28
1689,0.51
1690,0.28
1691,0.63
1692,0.40
1693,0.16
1694,0.51
1695,0.34
1696,0.60
1697,0.88
1698,0.40
1699,0.63
1700,0.40
1701,0.60
1702,0.60
1703,0.88
1704,0.34
1705,0.47
1706,0.88
1707,0.40
1708,0.60
1709,0.46
1710,0.16
1711,0.40
1712,0.47
1713,0.51
1714,0.60
1715,0.88
1716,0.88
1717,0.47
1718,0.28
1719,0.40
1720,0.28
1721,0.51
1722,0.60
1723,0.47
1724,0.51
1725,0.28
1726,0.88
1727,0.46
1728,0.41
1729,0.88
1730,0.37
1731,0.40
1732,0.51
1733,0.46
1734,0.47
1735,0.40
1736,0.28
1737,0.28
1738,0.88
1739,0.41
1740,0.88
1741,0.60
1742,0.41
1743,0.28
1744,0.40
1745,0.40
1746,0.51
1747,0.40
1748,0.63
1749,0.47
1750,0.60
1751,0.34
1752,0.40
1753,0.51
1754,0.88
1755,0.28
1756,0.37
1757,0.88
1758,0.51
1759,0.63
1760,0.47
1761,0.63
1762,0.51
1763,0.47
1764,0.28
1765,0.40
1766,0.37
1767,0.88
1768,0.47
1769,0.37
1770,0.40
1771,0.47
1772,0.47
1773,0.47
1774,0.47
1775,0.47
1776,0.51
1777,0.63
1778,0.63
1779,0.37
1780,0.88
1781,0.63
1782,0.40
1783,0.47
1784,0.16
1785,0.60
1786,0.47
1787,0.88
1788,0.51
1789,0.46
1790,0.51
1791,0.28
1792,0.47
1793,0.51
1794,0.34
1795,0.28
1796,0.28
1797,0.51
1798,0.16
1799,0.40
1800,0.88
1801,0.46
1802,0.41
1803,0.16
1804,0.37
1805,0.47
1806,0.88
1807,0.60
1808,0.40
1809,0.51
1810,0.60
1811,0.40
1812,0.28
1813,0.60
1814,0.47
1815,0.46
1816,0.37
1817,0.60
1818,0.63
1819,0.47
1820,0.63
1821,0.63
1822,0.88
1823,0.28
1824,0.37
1825,0.60
1826,0.47
1827,0.16
1828,0.28
1829,0.51
1830,0.47
1831,0.41
1832,0.16
1833,0.88
1834,0.51
1835,0.28
1836,0.51
1837,0.41
1838,0.47
1839,0.16
1840,0.37
1841,0.46
1842,0.40
1843,0.16
1844,0.51
1845,0.40
1846,0.88
1847,0.28
1848,0.60
1849,0.40
1850,0.46
1851,0.47
1852,0.41
1853,0.63
1854,0.47
1855,0.37
1856,0.60
1857,0.37
1858,0.40
1859,0.63
1860,0.28
1861,0.63
1862,0.88
1863,0.28
1864,0.47
1865,0.34
1866,0.63
1867,0.63
1868,0.37
1869,0.51
1870,0.28
1871,0.60
1872,0.34
1873,0.60
1874,0.47
1875,0.46
1876,0.88
1877,0.46
1878,0.40
1879,0.88
1880,0.88
1881,0.88
1882,0.63
1883,0.28
1884,0.60
1885,0.16
1886,0.47
1887,0.16
1888,0.40
1889,0.51
1890,0.37
1891,0.63
1892,0.88
1893,0.47
1894,0.16
1895,0.47
1896,0.47
1897,0.40
1898,0.37
1899,0.88
1900,0.37
1901,0.40
1902,0.88
1903,0.88
1904,0.46
1905,0.60
1906,0.60
1907,0.88
1908,0.46
1909,0.41
1910,0.37
1911,0.60
1912,0.88
1913,0.51
1914,0.28
1915,0.37
1916,0.51
1917,0.60
1918,0.40
1919,0.88
1920,0.40
1921,0.88
1922,0.63
1923,0.40
1924,0.88
1925,0.40
1926,0.34
1927,0.51
1928,0.40
1929,0.34
1930,0.28
1931,0.40
1932,0.28
1933,0.47
1934,0.47
1935,0.34
1936,0.51
1937,0.37
1938,0.47
1939,0.41
1940,0.60
1941,0.41
1942,0.60
1943,0.63
1944,0.88
1945,0.40
1946,0.51
1947,0.28
1948,0.34
1949,0.88
1950,0.34
1951,0.47
1952,0.46
1953,0.88
1954,0.51
1955,0.60
1956,0.63
1957,0.63
1958,0.41
1959,0.41
1960,0.16
1961,0.88
1962,0.40
1963,0.60
1964,0.60
1965,0.46
1966,0.47
1967,0.63
1968,0.28
1969,0.28
1970,0.88
1971,0.63
1972,0.88
1973,0.47
1974,0.51
1975,0.41
1976,0.34
1977,0.40
1978,0.51
1979,0.60
1980,0.34
1981,0.51
1982,0.47
1983,0.40
1984,0.47
1985,0.46
1986,0.88
1987,0.47
1988,0.47
1989,0.47
1990,0.60
1991,0.34
1992,0.63
1993,0.28
1994,0.63
1995,0.37
1996,0.47
1997,0.46
1998,0.41
1999,0.40
2000,0.51
2001,0.28
2002,0.34
2003,0.46
2004,0.88
2005,0.88
2006,0.63
2007,0.60
2008,0.40
2009,0.47
2010,0.88
2011,0.60
2012,0.47
2013,0.51
2014,0.60
2015,0.88
2016,0.47
2017,0.37
2018,0.28
2019,0.40
2020,0.40
2021,0.60
2022,0.40
2023,0.28
2024,0.37
2025,0.46
2026,0.47
2027,0.88
2028,0.41
2029,0.88
2030,0.16
2031,0.60
2032,0.40
2033,0.40
2034,0.60
2035,0.63
2036,0.51
2037,0.37
2038,0.63
2039,0.46
2040,0.16
2041,0.37
2042,0.51
2043,0.47
2044,0.34
2045,0.40
2046,0.88
2047,0.16
2048,0.51
2049,0.46
2050,0.37
2051,0.28
2052,0.63
2053,0.60
2054,0.40
2055,0.47
2056,0.60
2057,0.46
2058,0.40
2059,0.60
2060,0.40
2061,0.40
2062,0.37
2063,0.41
2064,0.47
2065,0.88
2066,0.28
2067,0.51
2068,0.37
2069,0.28
2070,0.60
2071,0.34
2072,0.28
2073,0.40
2074,0.34
2075,0.63
2076,0.47
2077,0.40
2078,0.51
2079,0.34
2080,0.63
2081,0.88
2082,0.41
2083,0.37
2084,0.51
2085,0.37
2086,0.40
2087,0.88
2088,0.60
2089,0.47
2090,0.51
2091,0.63
2092,0.40
2093,0.41
2094,0.37
2095,0.40
2096,0.41
2097,0.16
2098,0.16
2099,0.40
2100,0.37
2101,0.47
2102,0.40
2103,0.60
2104,0.28
2105,0.88
2106,0.88
2107,0.88
2108,0.40
2109,0.51
2110,0.88
2111,0.41
2112,0.16
2113,0.40
2114,0.16
2115,0.88
2116,0.16
2117,0.60
2118,0.28
2119,0.28
2120,0.63
2121,0.37
2122,0.47
2123,0.46
2124,0.88
2125,0.47
2126,0.60
2127,0.63
2128,0.60
2129,0.60
2130,0.63
2131,0.40
2132,0.51
2133,0.88
2134,0.88
2135,0.51
2136,0.28
2137,0.88
2138,0.51
2139,0.40
2140,0.16
2141,0.88
2142,0.37
2143,0.88
2144,0.40
2145,0.51
2146,0.46
2147,0.63
2148,0.63
2149,0.16
2150,0.28
2151,0.51
2152,0.51
2153,0.47
2154,0.88
2155,0.88
2156,0.46
2157,0.60
2158,0.51
2159,0.46
2160,0.51
2161,0.46
2162,0.16
2163,0.28
2164,0.34
2165,0.47
2166,0.88
2167,0.63
2168,0.88
2169,0.41
2170,0.37
2171,0.46
2172,0.40
2173,0.46
2174,0.16
2175,0.63
2176,0.41
2177,0.63
2178,0.60
2179,0.60
2180,0.51
2181,0.41
2182,0.88
2183,0.60
2184,0.16
2185,0.60
2186,0.60
2187,0.16
2188,0.41
2189,0.47
2190,0.28
2191,0.28
2192,0.47
2193,0.88
2194,0.46
2195,0.63
2196,0.88
2197,0.16
2198,0.63
2199,0.40
2200,0.40
2201,0.51
2202,0.88
2203,0.88
2204,0.40
2205,0.28
2206,0.28
2207,0.40
2208,0.28
2209,0.37
2210,0.88
2211,0.16
2212,0.51
2213,0.51
2214,0.16
2215,0.40
2216,0.16
2217,0.88
2218,0.46
2219,0.47
2220,0.34
2221,0.51
2222,0.60
2223,0.37
2224,0.28
2225,0.60
2226,0.63
2227,0.41
2228,0.40
2229,0.46
2230,0.60
2231,0.60
2232,0.88
2233,0.47
2234,0.34
2235,0.47
2236,0.37
2237,0.51
2238,0.40
2239,0.40
2240,0.51
2241,0.51
2242,0.47
2243,0.88
2244,0.16
2245,0.88
2246,0.41
2247,0.28
2248,0.28
2249,0.16
2250,0.88
2251,0.47
2252,0.46
2253,0.40
2254,0.16
2255,0.88
2256,0.16
2257,0.51
2258,0.51
2259,0.28
2260,0.88
2261,0.88
2262,0.40
2263,0.37
2264,0.16
2265,0.16
2266,0.63
2267,0.28
2268,0.88
2269,0.40
2270,0.16
2271,0.47
2272,0.51
2273,0.40
2274,0.28
2275,0.88
2276,0.41
2277,0.40
2278,0.41
2279,0.28
2280,0.60
2281,0.28
2282,0.28
2283,0.63
2284,0.60
2285,0.51
2286,0.63
2287,0.16
2288,0.51
2289,0.40
2290,0.88
2291,0.47
2292,0.88
2293,0.88
2294,0.63
2295,0.88
2296,0.60
2297,0.34
2298,0.47
2299,0.16
2300,0.88
2301,0.37
2302,0.28
2303,0.34
2304,0.28
2305,0.63
2306,0.37
2307,0.34
2308,0.60
2309,0.63
2310,0.34
2311,0.60
2312,0.40
2313,0.34
2314,0.63
2315,0.47
2316,0.88
2317,0.88
2318,0.51
2319,0.47
2320,0.46
2321,0.88
2322,0.16
2323,0.40
2324,0.46
2325,0.40
2326,0.37
2327,0.37
2328,0.47
2329,0.28
2330,0.60
2331,0.40
2332,0.34
2333,0.88
2334,0.37
2335,0.40
2336,0.88
2337,0.37
2338,0.51
2339,0.51
2340,0.47
2341,0.51
2342,0.28
2343,0.88
2344,0.37
2345,0.41
2346,0.63
2347,0.60
2348,0.16
2349,0.46
2350,0.46
2351,0.88
2352,0.51
2353,0.16
2354,0.51
2355,0.40
2356,0.28
2357,0.88
2358,0.40
2359,0.16
2360,0.40
2361,0.88
2362,0.60
2363,0.88
2364,0.40
2365,0.63
2366,0.63
2367,0.28
2368,0.51
2369,0.34
2370,0.60
2371,0.41
2372,0.41
2373,0.34
2374,0.40
2375,0.60
2376,0.51
2377,0.41
2378,0.47
2379,0.63
2380,0.34
2381,0.16
2382,0.46
2383,0.34
2384,0.46
2385,0.88
2386,0.60
2387,0.88
2388,0.40
2389,0.88
2390,0.63
2391,0.51
2392,0.88
2393,0.46
2394,0.28
2395,0.60
2396,0.37
2397,0.47
2398,0.88
2399,0.40
2400,0.34
2401,0.40
2402,0.41
2403,0.40
2404,0.28
2405,0.47
2406,0.63
2407,0.16
2408,0.88
2409,0.28
2410,0.60
2411,0.47
2412,0.88
2413,0.60
2414,0.46
2415,0.37
2416,0.51
2417,0.40
2418,0.60
2419,0.88
2420,0.46
2421,0.88
2422,0.51
2423,0.60
2424,0.88
2425,0.60
2426,0.40
2427,0.41
2428,0.28
2429,0.60
2430,0.47
2431,0.40
2432,0.88
2433,0.88
2434,0.63
2435,0.41
2436,0.16
2437,0.40
2438,0.47
2439,0.46
2440,0.37
2441,0.28
2442,0.28
2443,0.60
2444,0.37
2445,0.40
2446,0.16
2447,0.60
2448,0.60
2449,0.47
2450,0.47
2451,0.40
2452,0.47
2453,0.63
2454,0.40
2455,0.51
2456,0.88
2457,0.63
2458,0.40
2459,0.34
2460,0.88
2461,0.88
2462,0.46
2463,0.88
2464,0.88
2465,0.34
2466,0.37
2467,0.88
2468,0.60
2469,0.16
2470,0.37
2471,0.60
2472,0.16
2473,0.63
2474,0.41
2475,0.47
2476,0.60
2477,0.51
2478,0.16
2479,0.88
2480,0.34
2481,0.34
2482,0.88
2483,0.60
2484,0.60
2485,0.28
2486,0.63
2487,0.46
2488,0.51
2489,0.60
2490,0.60
2491,0.63
2492,0.47
2493,0.47
2494,0.60
2495,0.34
2496,0.51
2497,0.34
2498,0.88
2499,0.40
2500,0.60
2501,0.40
2502,0.28
2503,0.16
2504,0.60
2505,0.63
2506,0.41
2507,0.41
2508,0.63
2509,0.16
2510,0.51
2511,0.40
2512,0.40
2513,0.88
2514,0.88
2515,0.60
2516,0.88
2517,0.16
2518,0.47
2519,0.16
2520,0.51
2521,0.40
2522,0.37
2523,0.60
2524,0.46
2525,0.46
2526,0.28
2527,0.41
2528,0.28
2529,0.47
2530,0.46
2531,0.60
2532,0.46
2533,0.40
2534,0.60
2535,0.16
2536,0.47
2537,0.60
2538,0.60
2539,0.28
2540,0.37
2541,0.88
2542,0.28
2543,0.46
2544,0.60
2545,0.60
2546,0.28
2547,0.60
2548,0.47
2549,0.51
2550,0.88
2551,0.60
2552,0.46
2553,0.88
2554,0.41
2555,0.51
2556,0.16
2557,0.60
2558,0.34
2559,0.40
2560,0.60
2561,0.28
2562,0.88
2563,0.88
2564,0.40
2565,0.41
2566,0.34
2567,0.60
2568,0.63
2569,0.88
2570,0.47
2571,0.28
2572,0.46
2573,0.88
2574,0.47
2575,0.60
2576,0.28
2577,0.16
2578,0.63
2579,0.34
2580,0.47
2581,0.60
2582,0.34
2583,0.41
2584,0.40
2585,0.34
2586,0.41
2587,0.47
2588,0.16
2589,0.40
2590,0.40
2591,0.47
2592,0.88
2593,0.41
2594,0.34
2595,0.63
2596,0.37
2597,0.40
2598,0.40
2599,0.37
2600,0.47
2601,0.40
2602,0.51
2603,0.46
2604,0.34
2605,0.47
2606,0.88
2607,0.60
2608,0.41
2609,0.60
2610,0.28
2611,0.40
2612,0.47
2613,0.60
2614,0.16
2615,0.46
2616,0.63
2617,0.88
2618,0.41
2619,0.16
2620,0.47
2621,0.47
2622,0.88
2623,0.60
2624,0.37
2625,0.28
2626,0.88
2627,0.88
2628,0.40
2629,0.40
2630,0.63
2631,0.47
2632,0.28
2633,0.88
2634,0.16
2635,0.40
2636,0.40
2637,0.16
2638,0.28
2639,0.51
2640,0.51
2641,0.41
2642,0.51
2643,0.51
2644,0.40
2645,0.46
2646,0.28
2647,0.60
2648,0.63
2649,0.63
2650,0.41
2651,0.37
2652,0.41
2653,0.28
2654,0.60
2655,0.51
2656,0.88
2657,0.88
2658,0.51
2659,0.16
2660,0.47
2661,0.60
2662,0.88
2663,0.46
2664,0.40
2665,0.51
2666,0.51
2667,0.37
2668,0.63
2669,0.16
2670,0.47
2671,0.88
2672,0.37
2673,0.47
2674,0.46
2675,0.16
2676,0.40
2677,0.51
2678,0.88
2679,0.60
2680,0.51
2681,0.88
2682,0.46
2683,0.88
2684,0.60
2685,0.16
2686,0.63
2687,0.60
2688,0.37
2689,0.40
2690,0.40
2691,0.28
2692,0.63
2693,0.16
2694,0.51
2695,0.47
2696,0.40
2697,0.60
2698,0.41
2699,0.63
2700,0.51
2701,0.37
2702,0.41
2703,0.60
2704,0.40
2705,0.46
2706,0.88
2707,0.37
2708,0.37
2709,0.63
2710,0.88
2711,0.47
2712,0.88
2713,0.60
2714,0.28
2715,0.28
2716,0.40
2717,0.28
2718,0.28
2719,0.41
2720,0.60
2721,0.88
2722,0.51
2723,0.60
2724,0.60
2725,0.16
2726,0.51
2727,0.51
2728,0.60
2729,0.60
2730,0.41
2731,0.46
2732,0.63
2733,0.16
2734,0.47
2735,0.34
2736,0.63
2737,0.41
2738,0.60
2739,0.37
2740,0.51
2741,0.88
2742,0.88
2743,0.88
2744,0.16
2745,0.51
2746,0.47
2747,0.34
2748,0.63
2749,0.40
2750,0.41
2751,0.51
2752,0.16
2753,0.51
2754,0.88
2755,0.88
2756,0.28
2757,0.41
2758,0.88
2759,0.60
2760,0.60
2761,0.16
2762,0.46
2763,0.46
2764,0.40
2765,0.40
2766,0.37
2767,0.88
2768,0.37
2769,0.40
2770,0.37
2771,0.88
2772,0.40
2773,0.63
2774,0.28
2775,0.16
2776,0.88
2777,0.88
2778,0.28
2779,0.16
2780,0.47
2781,0.51
2782,0.28
2783,0.41
2784,0.88
2785,0.40
2786,0.88
2787,0.60
2788,0.16
2789,0.88
2790,0.40
2791,0.51
2792,0.88
2793,0.34
2794,0.40
2795,0.37
2796,0.28
2797,0.47
2798,0.51
2799,0.47
2800,0.16
2801,0.28
2802,0.47
2803,0.47
2804,0.28
2805,0.88
2806,0.16
2807,0.60
2808,0.63
2809,0.60
2810,0.16
2811,0.28
2812,0.40
2813,0.46
2814,0.51
2815,0.88
2816,0.60
2817,0.16
2818,0.37
2819,0.37
2820,0.88
2821,0.51
2822,0.37
2823,0.28
2824,0.60
2825,0.28
2826,0.88
2827,0.16
2828,0.37
2829,0.51
2830,0.63
2831,0.46
2832,0.60
2833,0.34
2834,0.88
2835,0.60
2836,0.28
2837,0.88
2838,0.41
2839,0.34
2840,0.60
2841,0.16
2842,0.63
2843,0.60
2844,0.40
2845,0.88
2846,0.40
2847,0.40
2848,0.41
2849,0.40
2850,0.51
2851,0.28
2852,0.16
2853,0.60
2854,0.51
2855,0.51
2856,0.16
2857,0.88
2858,0.46
2859,0.47
2860,0.63
2861,0.37
2862,0.51
2863,0.37
2864,0.63
2865,0.28
2866,0.41
2867,0.60
2868,0.46
2869,0.63
2870,0.37
2871,0.28
2872,0.60
2873,0.60
2874,0.47
2875,0.60
2876,0.16
2877,0.40
2878,0.40
2879,0.40
2880,0.88
2881,0.47
2882,0.88
2883,0.88
2884,0.88
2885,0.47
2886,0.51
2887,0.60
2888,0.60
2889,0.63
2890,0.60
2891,0.63
2892,0.28
2893,0.41
2894,0.37
2895,0.46
2896,0.88
2897,0.16
2898,0.88
2899,0.41
2900,0.34
2901,0.40
2902,0.88
2903,0.88
2904,0.16
2905,0.47
2906,0.51
2907,0.51
2908,0.37
2909,0.16
2910,0.88
2911,0.60
2912,0.40
2913,0.41
2914,0.40
2915,0.88
2916,0.37
2917,0.16
2918,0.60
2919,0.46
2920,0.37
2921,0.88
2922,0.60
2923,0.47
2924,0.88
2925,0.51
2926,0.37
2927,0.51
2928,0.60
2929,0.51
2930,0.47
2931,0.51
2932,0.47
2933,0.60
2934,0.47
2935,0.63
2936,0.60
2937,0.34
2938,0.88
2939,0.28
2940,0.40
2941,0.40
2942,0.34
2943,0.63
2944,0.40
2945,0.28
2946,0.47
2947,0.63
2948,0.88
2949,0.88
2950,0.28
2951,0.47
2952,0.46
2953,0.51
2954,0.88
2955,0.41
2956,0.40
2957,0.88
2958,0.40
2959,0.28
2960,0.60
2961,0.60
2962,0.60
2963,0.46
2964,0.37
2965,0.40
2966,0.60
2967,0.47
2968,0.16
2969,0.63
2970,0.16
2971,0.37
2972,0.16
2973,0.88
2974,0.51
2975,0.28
2976,0.51
2977,0.37
2978,0.51
2979,0.28
2980,0.47
2981,0.47
2982,0.40
2983,0.40
2984,0.37
2985,0.51
2986,0.46
2987,0.16
2988,0.34
2989,0.37
2990,0.51
2991,0.51
2992,0.88
2993,0.46
2994,0.51
2995,0.63
2996,0.40
2997,0.63
2998,0.51
2999,0.60
3000,0.16
3001,0.47
3002,0.51
3003,0.88
3004,0.88
3005,0.34
3006,0.37
3007,0.41
3008,0.47
3009,0.37
3010,0.47
3011,0.47
3012,0.46
3013,0.37
3014,0.51
3015,0.47
3016,0.37
3017,0.40
3018,0.51
3019,0.60
3020,0.60
3021,0.46
3022,0.47
3023,0.40
3024,0.51
3025,0.41
3026,0.47
3027,0.47
3028,0.40
3029,0.40
3030,0.63
3031,0.88
3032,0.40
3033,0.16
3034,0.28
3035,0.46
3036,0.41
3037,0.40
3038,0.41
3039,0.40
3040,0.51
3041,0.16
3042,0.37
3043,0.46
3044,0.63
3045,0.63
3046,0.51
3047,0.28
3048,0.40
3049,0.47
3050,0.28
3051,0.63
3052,0.28
3053,0.40
3054,0.16
3055,0.37
3056,0.37
3057,0.63
3058,0.63
3059,0.40
3060,0.47
3061,0.63
3062,0.47
3063,0.40
3064,0.28
3065,0.40
3066,0.51
3067,0.41
3068,0.60
3069,0.60
3070,0.60
3071,0.34
3072,0.63
3073,0.47
3074,0.47
3075,0.47
3076,0.40
3077,0.16
3078,0.28
3079,0.46
3080,0.51
3081,0.88
3082,0.88
3083,0.37
3084,0.51
3085,0.34
3086,0.47
3087,0.51
3088,0.60
3089,0.88
3090,0.46
3091,0.41
3092,0.16
3093,0.60
3094,0.88
3095,0.60
3096,0.40
3097,0.47
3098,0.34
3099,0.41
3100,0.88
3101,0.88
3102,0.28
3103,0.46
3104,0.28
3105,0.37
3106,0.41
3107,0.40
3108,0.40
3109,0.28
3110,0.88
3111,0.40
3112,0.47
3113,0.60
3114,0.16
3115,0.47
3116,0.40
3117,0.47
3118,0.40
3119,0.60
3120,0.40
3121,0.47
3122,0.40
3123,0.47
3124,0.88
3125,0.60
3126,0.51
3127,0.40
3128,0.16
3129,0.47
3130,0.88
3131,0.37
3132,0.63
3133,0.88
3134,0.60
3135,0.51
3136,0.47
3137,0.51
3138,0.41
3139,0.40
3140,0.40
3141,0.60
3142,0.88
3143,0.51
3144,0.37
3145,0.16
3146,0.41
3147,0.34
3148,0.51
3149,0.34
3150,0.47
3151,0.60
3152,0.51
3153,0.40
3154,0.88
3155,0.40
3156,0.60
3157,0.46
3158,0.60
3159,0.88
3160,0.88
3161,0.37
3162,0.40
3163,0.88
3164,0.88
3165,0.47
3166,0.60
3167,0.28
3168,0.40
3169,0.40
3170,0.60
3171,0.88
3172,0.60
3173,0.88
3174,0.37
3175,0.63
3176,0.28
3177,0.40
3178,0.40
3179,0.16
3180,0.28
3181,0.47
3182,0.60
3183,0.60
3184,0.34
3185,0.40
3186,0.28
3187,0.47
3188,0.46
3189,0.40
3190,0.51
3191,0.88
3192,0.47
3193,0.40
3194,0.88
3195,0.16
3196,0.40
3197,0.46
3198,0.46
3199,0.34
3200,0.28
3201,0.46
3202,0.60
3203,0.60
3204,0.88
3205,0.60
3206,0.51
3207,0.88
3208,0.28
3209,0.40
3210,0.40
3211,0.88
3212,0.88
3213,0.16
3214,0.40
3215,0.88
3216,0.16
3217,0.41
3218,0.46
3219,0.47
3220,0.63
3221,0.63
3222,0.88
3223,0.51
3224,0.40
3225,0.60
3226,0.28
3227,0.51
3228,0.40
3229,0.60
3230,0.40
3231,0.34
3232,0.88
3233,0.51
3234,0.41
3235,0.16
3236,0.63
3237,0.28
3238,0.46
3239,0.40
3240,0.37
3241,0.34
3242,0.34
3243,0.40
3244,0.37
3245,0.60
3246,0.60
3247,0.88
3248,0.34
3249,0.63
3250,0.16
3251,0.60
3252,0.88
3253,0.60
3254,0.88
3255,0.60
3256,0.40
3257,0.60
3258,0.88
3259,0.47
3260,0.16
3261,0.16
3262,0.46
3263,0.46
3264,0.28
3265,0.60
3266,0.63
3267,0.16
3268,0.47
3269,0.60
3270,0.60
3271,0.40
3272,0.46
3273,0.47
3274,0.88
3275,0.88
3276,0.16
3277,0.60
3278,0.16
3279,0.88
3280,0.60
3281,0.60
3282,0.34
3283,0.28
3284,0.47
3285,0.60
3286,0.88
3287,0.60
3288,0.37
3289,0.40
3290,0.28
3291,0.88
3292,0.88
3293,0.28
3294,0.47
3295,0.28
3296,0.41
3297,0.34
3298,0.40
3299,0.41
3300,0.47
3301,0.60
3302,0.40
3303,0.40
3304,0.51
3305,0.16
3306,0.37
3307,0.60
3308,0.47
3309,0.47
3310,0.88
3311,0.47
3312,0.60
3313,0.88
3314,0.60
3315,0.16
3316,0.40
3317,0.60
3318,0.60
3319,0.40
3320,0.88
3321,0.60
3322,0.60
3323,0.46
3324,0.41
3325,0.37
3326,0.34
3327,0.28
3328,0.46
3329,0.28
3330,0.60
3331,0.60
3332,0.40
3333,0.37
3334,0.60
3335,0.88
3336,0.16
3337,0.40
3338,0.28
3339,0.60
3340,0.88
3341,0.47
3342,0.88
3343,0.16
3344,0.40
3345,0.51
3346,0.51
3347,0.51
3348,0.40
3349,0.60
3350,0.37
3351,0.60
3352,0.28
3353,0.37
3354,0.60
3355,0.16
3356,0.63
3357,0.37
3358,0.16
3359,0.47
3360,0.63
3361,0.88
3362,0.46
3363,0.37
3364,0.41
3365,0.51
3366,0.41
3367,0.34
3368,0.47
3369,0.28
3370,0.41
3371,0.16
3372,0.34
3373,0.60
3374,0.51
3375,0.60
3376,0.37
3377,0.88
3378,0.40
3379,0.37
3380,0.28
3381,0.16
3382,0.16
3383,0.47
3384,0.28
3385,0.46
3386,0.88
3387,0.28
3388,0.40
3389,0.47
3390,0.40
3391,0.60
3392,0.51
3393,0.16
3394,0.37
3395,0.47
3396,0.88
3397,0.60
3398,0.40
3399,0.60
3400,0.88
3401,0.63
3402,0.28
3403,0.47
3404,0.60
3405,0.34
3406,0.47
3407,0.28
3408,0.37
3409,0.16
3410,0.51
3411,0.46
3412,0.88
3413,0.41
3414,0.88
3415,0.51
3416,0.28
3417,0.88
3418,0.41
3419,0.16
3420,0.16
3421,0.16
3422,0.60
3423,0.16
3424,0.63
3425,0.88
3426,0.63
3427,0.47
3428,0.47
3429,0.51
3430,0.63
3431,0.88
3432,0.28
3433,0.60
3434,0.37
3435,0.51
3436,0.60
3437,0.88
3438,0.16
3439,0.16
3440,0.16
3441,0.40
3442,0.16
3443,0.37
3444,0.34
3445,0.51
3446,0.51
3447,0.60
3448,0.28
3449,0.88
3450,0.28
3451,0.63
3452,0.60
3453,0.34
3454,0.88
3455,0.16
3456,0.16
3457,0.88
3458,0.60
3459,0.63
3460,0.63
3461,0.28
3462,0.88
3463,0.88
3464,0.16
3465,0.16
3466,0.40
3467,0.46
3468,0.28
3469,0.47
3470,0.16
3471,0.60
3472,0.40
3473,0.47
3474,0.41
3475,0.60
3476,0.63
3477,0.47
3478,0.60
3479,0.63
3480,0.41
3481,0.40
3482,0.46
3483,0.51
3484,0.16
3485,0.88
3486,0.63
3487,0.60
3488,0.40
3489,0.47
3490,0.60
3491,0.47
3492,0.88
3493,0.47
3494,0.37
3495,0.47
3496,0.16
3497,0.46
3498,0.60
3499,0.63
3500,0.16
3501,0.47
3502,0.41
3503,0.40
3504,0.28
3505,0.63
3506,0.16
3507,0.37
3508,0.60
3509,0.60
3510,0.60
3511,0.51
3512,0.37
3513,0.60
3514,0.51
3515,0.37
3516,0.88
3517,0.47
3518,0.16
3519,0.47
3520,0.46
3521,0.51
3522,0.16
3523,0.41
3524,0.40
3525,0.88
3526,0.40
3527,0.63
3528,0.88
3529,0.46
3530,0.46
3531,0.34
3532,0.47
3533,0.63
3534,0.47
3535,0.63
3536,0.37
3537,0.37
3538,0.60
3539,0.40
3540,0.60
3541,0.88
3542,0.16
3543,0.41
3544,0.16
3545,0.40
3546,0.60
3547,0.63
3548,0.40
3549,0.37
3550,0.47
3551,0.51
3552,0.51
3553,0.51
3554,0.88
3555,0.40
3556,0.60
3557,0.28
3558,0.40
3559,0.60
3560,0.16
3561,0.88
3562,0.37
3563,0.28
3564,0.16
3565,0.16
3566,0.60
3567,0.60
3568,0.28
3569,0.88
3570,0.34
3571,0.40
3572,0.16
3573,0.63
3574,0.88
3575,0.46
3576,0.34
3577,0.37
3578,0.51
3579,0.28
3580,0.40
3581,0.51
3582,0.40
3583,0.40
3584,0.60
3585,0.88
3586,0.88
3587,0.16
3588,0.46
3589,0.34
3590,0.37
3591,0.60
3592,0.40
3593,0.40
3594,0.16
3595,0.88
3596,0.16
3597,0.16
3598,0.47
3599,0.51
3600,0.16
3601,0.37
3602,0.28
3603,0.88
3604,0.40
3605,0.46
3606,0.60
3607,0.28
3608,0.46
3609,0.63
3610,0.28
3611,0.60
3612,0.63
3613,0.40
3614,0.34
3615,0.16
3616,0.88
3617,0.47
3618,0.41
3619,0.16
3620,0.41
3621,0.16
3622,0.40
3623,0.88
3624,0.34
3625,0.88
3626,0.40
3627,0.88
3628,0.37
3629,0.41
3630,0.40
3631,0.88
3632,0.60
3633,0.16
3634,0.60
3635,0.46
3636,0.63
3637,0.47
3638,0.63
3639,0.40
3640,0.60
3641,0.40
3642,0.63
3643,0.88
3644,0.88
3645,0.37
3646,0.88
3647,0.28
3648,0.34
3649,0.60
3650,0.16
3651,0.46
3652,0.46
3653,0.88
3654,0.63
3655,0.88
3656,0.16
3657,0.16
3658,0.40
3659,0.51
3660,0.88
3661,0.47
3662,0.34
3663,0.28
3664,0.47
3665,0.37
3666,0.88
3667,0.51
3668,0.60
3669,0.40
3670,0.41
3671,0.63
3672,0.41
3673,0.60
3674,0.60
3675,0.60
3676,0.28
3677,0.60
3678,0.40
3679,0.40
3680,0.63
3681,0.41
3682,0.28
3683,0.41
3684,0.46
3685,0.34
3686,0.51
3687,0.40
3688,0.28
3689,0.47
3690,0.16
3691,0.16
3692,0.34
3693,0.47
3694,0.88
3695,0.63
3696,0.51
3697,0.60
3698,0.28
3699,0.16
3700,0.88
3701,0.47
3702,0.60
3703,0.40
3704,0.51
3705,0.88
3706,0.63
3707,0.63
3708,0.60
3709,0.34
3710,0.28
3711,0.34
3712,0.40
3713,0.63
3714,0.47
3715,0.51
3716,0.60
3717,0.88
3718,0.16
3719,0.41
3720,0.16
3721,0.88
3722,0.41
3723,0.60
3724,0.63
3725,0.40
3726,0.28
3727,0.88
3728,0.63
3729,0.51
3730,0.46
3731,0.41
3732,0.63
3733,0.41
3734,0.88
3735,0.46
3736,0.63
3737,0.34
3738,0.60
3739,0.60
3740,0.41
3741,0.37
3742,0.37
3743,0.60
3744,0.47
3745,0.88
3746,0.51
3747,0.88
3748,0.40
3749,0.60
3750,0.60
3751,0.41
3752,0.51
3753,0.60
3754,0.88
3755,0.47
3756,0.40
3757,0.47
3758,0.88
3759,0.40
3760,0.16
3761,0.16
3762,0.88
3763,0.88
3764,0.28
3765,0.51
3766,0.47
3767,0.40
3768,0.40
3769,0.88
3770,0.34
3771,0.34
3772,0.16
3773,0.51
3774,0.40
3775,0.60
3776,0.51
3777,0.16
3778,0.34
3779,0.63
3780,0.47
3781,0.63
3782,0.40
3783,0.41
3784,0.40
3785,0.40
3786,0.88
3787,0.60
3788,0.47
3789,0.47
3790,0.60
3791,0.47
3792,0.46
3793,0.63
3794,0.63
3795,0.60
3796,0.47
3797,0.63
3798,0.88
3799,0.40
3800,0.88
3801,0.28
3802,0.41
3803,0.88
3804,0.51
3805,0.46
3806,0.34
3807,0.51
3808,0.51
3809,0.41
3810,0.16
3811,0.40
3812,0.16
3813,0.47
3814,0.41
3815,0.88
3816,0.16
3817,0.28
3818,0.16
3819,0.60
3820,0.51
3821,0.34
3822,0.41
3823,0.63
3824,0.60
3825,0.28
3826,0.46
3827,0.40
3828,0.88
3829,0.40
3830,0.40
3831,0.40
3832,0.28
3833,0.88
3834,0.60
3835,0.28
3836,0.88
3837,0.47
3838,0.16
3839,0.40
3840,0.16
3841,0.16
3842,0.41
3843,0.88
3844,0.16
3845,0.37
3846,0.41
3847,0.60
3848,0.37
3849,0.60
3850,0.37
3851,0.46
3852,0.40
3853,0.40
3854,0.60
3855,0.88
3856,0.28
3857,0.88
3858,0.63
3859,0.60
3860,0.51
3861,0.88
3862,0.28
3863,0.60
3864,0.16
3865,0.47
3866,0.47
3867,0.60
3868,0.16
3869,0.41
3870,0.60
3871,0.47
3872,0.63
3873,0.88
3874,0.51
3875,0.88
3876,0.60
3877,0.60
3878,0.60
3879,0.47
3880,0.63
3881,0.47
3882,0.51
3883,0.46
3884,0.60
3885,0.37
3886,0.28
3887,0.28
3888,0.40
3889,0.60
3890,0.40
3891,0.51
3892,0.16
3893,0.16
3894,0.40
3895,0.16
3896,0.60
3897,0.28
3898,0.60
3899,0.46
3900,0.34
3901,0.51
3902,0.60
3903,0.63
3904,0.88
3905,0.60
3906,0.40
3907,0.46
3908,0.88
3909,0.41
3910,0.41
3911,0.37
3912,0.40
3913,0.51
3914,0.40
3915,0.34
3916,0.28
3917,0.34
3918,0.47
3919,0.60
3920,0.46
3921,0.41
3922,0.40
3923,0.51
3924,0.88
3925,0.41
3926,0.40
3927,0.47
3928,0.88
3929,0.88
3930,0.37
3931,0.60
3932,0.60
3933,0.37
3934,0.41
3935,0.46
3936,0.60
3937,0.28
3938,0.46
3939,0.51
3940,0.88
3941,0.37
3942,0.28
3943,0.46
3944,0.88
3945,0.41
3946,0.46
3947,0.41
3948,0.28
3949,0.88
3950,0.60
3951,0.28
3952,0.88
3953,0.40
3954,0.40
3955,0.28
3956,0.34
3957,0.51
3958,0.60
3959,0.88
3960,0.16
3961,0.63
3962,0.47
3963,0.63
3964,0.88
3965,0.88
3966,0.46
3967,0.47
3968,0.37
3969,0.37
3970,0.47
3971,0.46
3972,0.51
3973,0.34
3974,0.34
3975,0.37
3976,0.51
3977,0.60
3978,0.88
3979,0.47
3980,0.37
3981,0.63
3982,0.34
3983,0.88
3984,0.46
3985,0.60
3986,0.40
3987,0.16
3988,0.88
3989,0.60
3990,0.37
3991,0.47
3992,0.60
3993,0.60
3994,0.63
3995,0.37
3996,0.28
3997,0.37
3998,0.46
3999,0.46
4000,0.46
4001,0.40
4002,0.40
4003,0.88
4004,0.46
4005,0.51
4006,0.28
4007,0.46
4008,0.60
4009,0.51
4010,0.40
4011,0.88
4012,0.37
4013,0.51
4014,0.37
4015,0.28
4016,0.16
4017,0.16
4018,0.47
4019,0.60
4020,0.47
4021,0.47
4022,0.63
4023,0.47
4024,0.34
4025,0.60
4026,0.41
4027,0.63
4028,0.63
4029,0.88
4030,0.51
4031,0.28
4032,0.51
4033,0.60
4034,0.46
4035,0.46
4036,0.28
4037,0.41
4038,0.63
4039,0.88
4040,0.41
4041,0.40
4042,0.60
4043,0.51
4044,0.41
4045,0.47
4046,0.88
4047,0.51
4048,0.60
4049,0.63
4050,0.60
4051,0.46
4052,0.47
4053,0.37
4054,0.28
4055,0.40
4056,0.28
4057,0.60
4058,0.88
4059,0.47
4060,0.46
4061,0.28
4062,0.46
4063,0.37
4064,0.60
4065,0.63
4066,0.88
4067,0.28
4068,0.88
4069,0.60
4070,0.28
4071,0.88
4072,0.41
4073,0.88
4074,0.34
4075,0.47
4076,0.37
4077,0.34
4078,0.88
4079,0.46
4080,0.34
4081,0.40
4082,0.40
4083,0.60
4084,0.63
4085,0.63
4086,0.60
4087,0.88
4088,0.37
4089,0.60
4090,0.88
4091,0.88
4092,0.88
4093,0.40
4094,0.41
4095,0.46
4096,0.60
4097,0.40
4098,0.16
4099,0.37
4100,0.16
4101,0.16
4102,0.63
4103,0.63
4104,0.16
4105,0.47
4106,0.63
4107,0.46
4108,0.88
4109,0.28
4110,0.88
4111,0.88
4112,0.88
4113,0.60
4114,0.60
4115,0.28
4116,0.51
4117,0.47
4118,0.46
4119,0.47
4120,0.63
4121,0.63
4122,0.40
4123,0.16
4124,0.41
4125,0.34
4126,0.37
4127,0.16
4128,0.51
4129,0.60
4130,0.63
4131,0.51
4132,0.63
4133,0.88
4134,0.60
4135,0.60
4136,0.51
4137,0.28
4138,0.37
4139,0.60
4140,0.47
4141,0.88
4142,0.16
4143,0.41
4144,0.16
4145,0.40
4146,0.88
4147,0.60
4148,0.28
4149,0.28
4150,0.51
4151,0.60
4152,0.47
4153,0.40
4154,0.63
4155,0.88
4156,0.37
4157,0.60
4158,0.46
4159,0.51
4160,0.40
4161,0.28
4162,0.16
4163,0.47
4164,0.47
4165,0.88
4166,0.47
4167,0.37
4168,0.60
4169,0.60
4170,0.60
4171,0.47
4172,0.60
4173,0.47
4174,0.28
4175,0.16
4176,0.88
4177,0.88
4178,0.60
4179,0.88
4180,0.47
4181,0.46
4182,0.37
4183,0.41
4184,0.47
4185,0.41
4186,0.60
4187,0.51
4188,0.88
4189,0.60
4190,0.34
4191,0.46
4192,0.41
4193,0.88
4194,0.60
4195,0.34
4196,0.51
4197,0.47
4198,0.60
4199,0.51
4200,0.51
4201,0.16
4202,0.41
4203,0.60
4204,0.34
4205,0.28
4206,0.60
4207,0.16
4208,0.60
4209,0.28
4210,0.40
4211,0.47
4212,0.63
4213,0.88
4214,0.28
4215,0.88
4216,0.88
4217,0.16
4218,0.63
4219,0.88
4220,0.40
4221,0.41
4222,0.60
4223,0.28
4224,0.40
4225,0.34
4226,0.28
4227,0.40
4228,0.63
4229,0.40
4230,0.28
4231,0.51
4232,0.88
4233,0.51
4234,0.41
4235,0.47
4236,0.47
4237,0.37
4238,0.40
4239,0.88
4240,0.51
4241,0.63
4242,0.88
4243,0.51
4244,0.47
4245,0.51
4246,0.16
4247,0.88
4248,0.37
4249,0.28
4250,0.28
4251,0.60
4252,0.88
4253,0.34
4254,0.51
4255,0.28
4256,0.34
4257,0.16
4258,0.60
4259,0.47
4260,0.88
4261,0.88
4262,0.60
4263,0.47
4264,0.40
4265,0.47
4266,0.88
4267,0.47
4268,0.88
4269,0.47
4270,0.46
4271,0.16
4272,0.28
4273,0.40
4274,0.40
4275,0.51
4276,0.28
4277,0.16
4278,0.40
4279,0.60
4280,0.40
4281,0.40
4282,0.88
4283,0.40
4284,0.60
4285,0.88
4286,0.40
4287,0.34
4288,0.63
4289,0.37
4290,0.40
4291,0.40
4292,0.40
4293,0.51
4294,0.60
4295,0.63
4296,0.60
4297,0.40
4298,0.16
4299,0.40
4300,0.40
4301,0.40
4302,0.63
4303,0.51
4304,0.60
4305,0.88
4306,0.60
4307,0.40
4308,0.16
4309,0.40
4310,0.34
4311,0.51
4312,0.37
4313,0.47
4314,0.40
4315,0.51
4316,0.40
4317,0.28
4318,0.46
4319,0.28
4320,0.40
4321,0.88
4322,0.41
4323,0.88
4324,0.34
4325,0.51
4326,0.40
4327,0.47
4328,0.63
4329,0.60
4330,0.37
4331,0.16
4332,0.88
4333,0.88
4334,0.51
4335,0.47
4336,0.46
4337,0.28
4338,0.63
4339,0.88
4340,0.88
4341,0.16
4342,0.60
4343,0.37
4344,0.34
4345,0.51
4346,0.41
4347,0.37
4348,0.37
4349,0.47
4350,0.63
4351,0.51
4352,0.28
4353,0.88
4354,0.40
4355,0.51
4356,0.40
4357,0.63
4358,0.40
4359,0.60
4360,0.37
4361,0.51
4362,0.63
4363,0.88
4364,0.47
4365,0.88
4366,0.46
4367,0.88
4368,0.88
4369,0.63
4370,0.60
4371,0.47
4372,0.41
4373,0.16
4374,0.34
4375,0.40
4376,0.46
4377,0.34
4378,0.28
4379,0.46
4380,0.60
4381,0.63
4382,0.60
4383,0.88
4384,0.47
4385,0.47
4386,0.60
4387,0.60
4388,0.88
4389,0.40
4390,0.28
4391,0.37
4392,0.60
4393,0.28
4394,0.88
4395,0.51
4396,0.28
4397,0.60
4398,0.40
4399,0.47
4400,0.88
4401,0.40
4402,0.47
4403,0.40
4404,0.60
4405,0.47
4406,0.37
4407,0.16
4408,0.88
4409,0.16
4410,0.63
4411,0.37
4412,0.63
4413,0.63
4414,0.37
4415,0.28
4416,0.46
4417,0.28
4418,0.16
4419,0.60
4420,0.60
4421,0.16
4422,0.47
4423,0.60
4424,0.88
4425,0.60
4426,0.37
4427,0.40
4428,0.16
4429,0.63
4430,0.34
4431,0.40
4432,0.40
4433,0.47
4434,0.51
4435,0.63
4436,0.47
4437,0.60
4438,0.41
4439,0.88
4440,0.88
4441,0.47
4442,0.60
4443,0.41
4444,0.16
4445,0.47
4446,0.60
4447,0.88
4448,0.47
4449,0.60
4450,0.60
4451,0.60
4452,0.34
4453,0.51
4454,0.47
4455,0.37
4456,0.40
4457,0.51
4458,0.88
4459,0.60
4460,0.46
4461,0.41
4462,0.28
4463,0.28
4464,0.16
4465,0.60
4466,0.40
4467,0.40
4468,0.51
4469,0.88
4470,0.88
4471,0.28
4472,0.40
4473,0.41
4474,0.47
4475,0.41
4476,0.88
4477,0.40
4478,0.88
4479,0.47
4480,0.60
4481,0.63
4482,0.46
4483,0.47
4484,0.47
4485,0.28
4486,0.41
4487,0.63
4488,0.60
4489,0.47
4490,0.16
4491,0.41
4492,0.47
4493,0.41
4494,0.40
4495,0.88
4496,0.28
4497,0.60
4498,0.88
4499,0.28
4500,0.16
4501,0.88
4502,0.88
4503,0.51
4504,0.51
4505,0.40
4506,0.40
4507,0.28
4508,0.60
4509,0.51
4510,0.51
4511,0.51
4512,0.47
4513,0.40
4514,0.88
4515,0.60
4516,0.63
4517,0.63
4518,0.63
4519,0.46
4520,0.47
4521,0.16
4522,0.60
4523,0.88
4524,0.34
4525,0.28
4526,0.28
4527,0.88
4528,0.63
4529,0.63
4530,0.40
4531,0.51
4532,0.46
4533,0.40
4534,0.88
4535,0.16
4536,0.34
4537,0.88
4538,0.41
4539,0.28
4540,0.34
4541,0.63
4542,0.28
4543,0.40
4544,0.47
4545,0.88
4546,0.41
4547,0.41
4548,0.60
4549,0.47
4550,0.63
4551,0.34
4552,0.37
4553,0.88
4554,0.47
4555,0.51
4556,0.63
4557,0.60
4558,0.28
4559,0.51
4560,0.46
4561,0.60
4562,0.28
4563,0.88
4564,0.88
4565,0.63
4566,0.47
4567,0.41
4568,0.40
4569,0.88
4570,0.16
4571,0.60
4572,0.34
4573,0.60
4574,0.47
4575,0.88
4576,0.88
4577,0.46
4578,0.40
4579,0.60
4580,0.16
4581,0.88
4582,0.88
4583,0.46
4584,0.46
4585,0.88
4586,0.40
4587,0.88
4588,0.88
4589,0.40
4590,0.28
4591,0.60
4592,0.46
4593,0.40
4594,0.34
4595,0.88
4596,0.60
4597,0.60
4598,0.63
4599,0.47
4600,0.41
4601,0.16
4602,0.47
4603,0.40
4604,0.47
4605,0.46
4606,0.46
4607,0.16
4608,0.37
4609,0.60
4610,0.16
4611,0.51
4612,0.51
4613,0.16
4614,0.46
4615,0.16
4616,0.47
4617,0.88
4618,0.88
4619,0.16
4620,0.28
4621,0.40
4622,0.88
4623,0.88
4624,0.60
4625,0.63
4626,0.88
4627,0.28
4628,0.16
4629,0.88
4630,0.63
4631,0.47
4632,0.51
4633,0.60
4634,0.63
4635,0.47
4636,0.88
4637,0.40
4638,0.34
4639,0.88
4640,0.88
4641,0.46
4642,0.28
4643,0.51
4644,0.60
4645,0.28
4646,0.41
4647,0.60
4648,0.63
4649,0.63
4650,0.16
4651,0.63
4652,0.41
4653,0.60
4654,0.40
4655,0.63
4656,0.88
4657,0.40
4658,0.37
4659,0.28
4660,0.40
4661,0.41
4662,0.60
4663,0.16
4664,0.88
4665,0.47
4666,0.51
4667,0.88
4668,0.47
4669,0.37
4670,0.47
4671,0.47
4672,0.88
4673,0.28
4674,0.88
4675,0.40
4676,0.16
4677,0.41
4678,0.28
4679,0.28
4680,0.40
4681,0.88
4682,0.88
4683,0.88
4684,0.88
4685,0.88
4686,0.16
4687,0.40
4688,0.28
4689,0.46
4690,0.88
4691,0.41
4692,0.51
4693,0.63
4694,0.63
4695,0.51
4696,0.16
4697,0.41
4698,0.28
4699,0.46
4700,0.46
4701,0.88
4702,0.60
4703,0.51
4704,0.28
4705,0.41
4706,0.63
4707,0.40
4708,0.88
4709,0.88
4710,0.41
4711,0.47
4712,0.16
4713,0.63
4714,0.40
4715,0.40
4716,0.46
4717,0.37
4718,0.88
4719,0.88
4720,0.47
4721,0.51
4722,0.51
4723,0.63
4724,0.34
4725,0.28
4726,0.37
4727,0.51
4728,0.51
4729,0.47
4730,0.60
4731,0.41
4732,0.51
4733,0.60
4734,0.40
4735,0.51
4736,0.46
4737,0.60
4738,0.63
4739,0.63
4740,0.40
4741,0.60
4742,0.60
4743,0.88
4744,0.63
4745,0.60
4746,0.60
4747,0.51
4748,0.60
4749,0.88
4750,0.51
4751,0.60
4752,0.41
4753,0.40
4754,0.47
4755,0.88
4756,0.47
4757,0.63
4758,0.88
4759,0.60
4760,0.16
4761,0.60
4762,0.88
4763,0.28
4764,0.16
4765,0.47
4766,0.37
4767,0.47
4768,0.60
4769,0.28
4770,0.60
4771,0.88
4772,0.41
4773,0.63
4774,0.60
4775,0.60
4776,0.46
4777,0.40
4778,0.47
4779,0.60
4780,0.60
4781,0.88
4782,0.41
4783,0.88
4784,0.88
4785,0.88
4786,0.88
4787,0.88
4788,0.40
4789,0.51
4790,0.46
4791,0.60
4792,0.51
4793,0.34
4794,0.28
4795,0.88
4796,0.88
4797,0.63
4798,0.60
4799,0.40
4800,0.47
4801,0.40
4802,0.16
4803,0.40
4804,0.60
4805,0.60
4806,0.60
4807,0.37
4808,0.60
4809,0.60
4810,0.63
4811,0.51
4812,0.40
4813,0.37
4814,0.28
4815,0.51
4816,0.41
4817,0.63
4818,0.41
4819,0.34
4820,0.88
4821,0.40
4822,0.16
4823,0.37
4824,0.63
4825,0.16
4826,0.63
4827,0.46
4828,0.40
4829,0.88
4830,0.60
4831,0.40
4832,0.28
4833,0.88
4834,0.40
4835,0.60
4836,0.88
4837,0.28
4838,0.47
4839,0.16
4840,0.47
4841,0.40
4842,0.28
4843,0.51
4844,0.63
4845,0.28
4846,0.88
4847,0.47
4848,0.88
4849,0.41
4850,0.37
4851,0.28
4852,0.63
4853,0.47
4854,0.16
4855,0.40
4856,0.28
4857,0.63
4858,0.60
4859,0.40
4860,0.60
4861,0.28
4862,0.63
4863,0.37
4864,0.88
4865,0.16
4866,0.88
4867,0.46
4868,0.28
4869,0.51
4870,0.63
4871,0.88
4872,0.60
4873,0.60
4874,0.47
4875,0.47
4876,0.47
4877,0.88
4878,0.60
4879,0.47
4880,0.88
4881,0.60
4882,0.88
4883,0.88
4884,0.40
4885,0.37
4886,0.63
4887,0.41
4888,0.40
4889,0.47
4890,0.40
4891,0.28
4892,0.16
4893,0.16
4894,0.28
4895,0.34
4896,0.41
4897,0.47
4898,0.28
4899,0.46
4900,0.63
4901,0.46
4902,0.37
4903,0.63
4904,0.41
4905,0.34
4906,0.88
4907,0.41
4908,0.28
4909,0.63
4910,0.51
4911,0.46
4912,0.88
4913,0.46
4914,0.47
4915,0.88
4916,0.88
4917,0.60
4918,0.60
4919,0.37
4920,0.37
4921,0.34
4922,0.16
4923,0.88
4924,0.60
4925,0.60
4926,0.37
4927,0.88
4928,0.37
4929,0.88
4930,0.88
4931,0.41
4932,0.41
4933,0.40
4934,0.47
4935,0.34
4936,0.40
4937,0.63
4938,0.51
4939,0.88
4940,0.40
4941,0.28
4942,0.47
4943,0.51
4944,0.88
4945,0.41
4946,0.88
4947,0.60
4948,0.16
4949,0.41
4950,0.63
4951,0.60
4952,0.60
4953,0.60
4954,0.28
4955,0.41
4956,0.41
4957,0.47
4958,0.40
4959,0.40
4960,0.34
4961,0.88
4962,0.40
4963,0.37
4964,0.41
4965,0.51
4966,0.60
4967,0.51
4968,0.63
4969,0.88
4970,0.40
4971,0.34
4972,0.41
4973,0.46
4974,0.47
4975,0.41
4976,0.34
4977,0.51
4978,0.37
4979,0.34
4980,0.63
4981,0.40
4982,0.34
4983,0.60
4984,0.46
4985,0.60
4986,0.63
4987,0.47
4988,0.88
4989,0.51
4990,0.16
4991,0.88
4992,0.28
4993,0.40
4994,0.47
4995,0.63
4996,0.40
4997,0.28
4998,0.40
4999,0.60
5000,0.88
5001,0.28
5002,0.51
5003,0.47
5004,0.16
5005,0.40
5006,0.60
5007,0.40
5008,0.46
5009,0.40
5010,0.37
5011,0.28
5012,0.41
5013,0.47
5014,0.88
5015,0.40
5016,0.60
5017,0.51
5018,0.88
5019,0.63
5020,0.88
5021,0.16
5022,0.88
5023,0.88
5024,0.41
5025,0.41
5026,0.40
5027,0.46
5028,0.46
5029,0.28
5030,0.40
5031,0.41
5032,0.37
5033,0.60
5034,0.28
5035,0.47
5036,0.34
5037,0.40
5038,0.60
5039,0.34
5040,0.60
5041,0.41
5042,0.88
5043,0.28
5044,0.63
5045,0.60
5046,0.88
5047,0.34
5048,0.34
5049,0.51
5050,0.60
5051,0.40
5052,0.40
5053,0.88
5054,0.41
5055,0.60
5056,0.40
5057,0.28
5058,0.40
5059,0.88
5060,0.88
5061,0.40
5062,0.63
5063,0.51
5064,0.34
5065,0.28
5066,0.34
5067,0.63
5068,0.63
5069,0.51
5070,0.63
5071,0.40
5072,0.60
5073,0.88
5074,0.40
5075,0.41
5076,0.60
5077,0.40
5078,0.88
5079,0.88
5080,0.51
5081,0.37
5082,0.47
5083,0.37
5084,0.51
5085,0.88
5086,0.41
5087,0.34
5088,0.60
5089,0.88
5090,0.60
5091,0.60
5092,0.40
5093,0.40
5094,0.16
5095,0.51
5096,0.37
5097,0.40
5098,0.37
5099,0.60
5100,0.46
5101,0.51
5102,0.16
5103,0.51
5104,0.41
5105,0.47
5106,0.60
5107,0.63
5108,0.60
5109,0.88
5110,0.28
5111,0.37
5112,0.37
5113,0.16
5114,0.40
5115,0.47
5116,0.37
5117,0.88
5118,0.28
5119,0.63
5120,0.63
5121,0.47
5122,0.37
5123,0.47
5124,0.60
5125,0.88
5126,0.47
5127,0.16
5128,0.41
5129,0.63
5130,0.34
5131,0.16
5132,0.40
5133,0.51
5134,0.63
5135,0.28
5136,0.46
5137,0.40
5138,0.63
5139,0.46
5140,0.88
5141,0.47
5142,0.88
5143,0.46
5144,0.88
5145,0.60
5146,0.47
5147,0.51
5148,0.63
5149,0.46
5150,0.47
5151,0.47
5152,0.28
5153,0.63
5154,0.16
5155,0.40
5156,0.16
5157,0.47
5158,0.60
5159,0.63
5160,0.37
5161,0.28
5162,0.40
5163,0.63
5164,0.60
5165,0.60
5166,0.47
5167,0.46
5168,0.46
5169,0.41
5170,0.60
5171,0.88
5172,0.47
5173,0.37
5174,0.60
5175,0.16
5176,0.88
5177,0.46
5178,0.51
5179,0.40
5180,0.46
5181,0.88
5182,0.37
5183,0.46
5184,0.88
5185,0.88
5186,0.46
5187,0.40
5188,0.16
5189,0.37
5190,0.60
5191,0.47
5192,0.47
5193,0.46
5194,0.34
5195,0.88
5196,0.40
5197,0.28
5198,0.63
5199,0.28
5200,0.88
5201,0.40
5202,0.47
5203,0.51
5204,0.16
5205,0.63
5206,0.40
5207,0.88
5208,0.47
5209,0.40
5210,0.46
5211,0.34
5212,0.51
5213,0.88
5214,0.46
5215,0.40
5216,0.28
5217,0.47
5218,0.37
5219,0.41
5220,0.51
5221,0.16
5222,0.16
5223,0.51
5224,0.47
5225,0.63
5226,0.41
5227,0.28
5228,0.47
5229,0.28
5230,0.40
5231,0.16
5232,0.60
5233,0.47
5234,0.28
5235,0.88
5236,0.34
5237,0.47
5238,0.37
5239,0.40
5240,0.63
5241,0.88
5242,0.16
5243,0.34
5244,0.88
5245,0.16
5246,0.88
5247,0.88
5248,0.51
5249,0.63
5250,0.60
5251,0.34
5252,0.51
5253,0.16
5254,0.28
5255,0.47
5256,0.63
5257,0.28
5258,0.60
5259,0.63
5260,0.37
5261,0.88
5262,0.46
5263,0.63
5264,0.51
5265,0.46
5266,0.40
5267,0.88
5268,0.28
5269,0.51
5270,0.40
5271,0.51
5272,0.88
5273,0.28
5274,0.51
5275,0.37
5276,0.47
5277,0.37
5278,0.47
5279,0.60
5280,0.41
5281,0.88
5282,0.47
5283,0.88
5284,0.88
5285,0.47
5286,0.28
5287,0.41
5288,0.88
5289,0.46
5290,0.60
5291,0.88
5292,0.34
5293,0.40
5294,0.28
5295,0.28
5296,0.16
5297,0.46
5298,0.60
5299,0.88
5300,0.63
5301,0.51
5302,0.28
5303,0.88
5304,0.63
5305,0.60
5306,0.51
5307,0.63
5308,0.88
5309,0.63
5310,0.34
5311,0.40
5312,0.60
5313,0.47
5314,0.88
5315,0.88
5316,0.60
5317,0.28
5318,0.47
5319,0.88
5320,0.88
5321,0.41
5322,0.63
5323,0.37
5324,0.47
5325,0.47
5326,0.37
5327,0.40
5328,0.47
5329,0.28
5330,0.51
5331,0.60
5332,0.16
5333,0.40
5334,0.28
5335,0.47
5336,0.40
5337,0.47
5338,0.37
5339,0.16
5340,0.16
5341,0.60
5342,0.41
5343,0.51
5344,0.28
5345,0.41
5346,0.60
5347,0.60
5348,0.60
5349,0.46
5350,0.63
5351,0.88
5352,0.46
5353,0.51
5354,0.40
5355,0.88
5356,0.88
5357,0.51
5358,0.46
5359,0.40
5360,0.37
5361,0.88
5362,0.63
5363,0.40
5364,0.40
5365,0.60
5366,0.28
5367,0.88
5368,0.34
5369,0.51
5370,0.88
5371,0.60
5372,0.16
5373,0.41
5374,0.46
5375,0.88
5376,0.16
5377,0.46
5378,0.88
5379,0.40
5380,0.28
5381,0.16
5382,0.40
5383,0.47
5384,0.60
5385,0.46
5386,0.47
5387,0.37
5388,0.28
5389,0.47
5390,0.40
5391,0.40
5392,0.47
5393,0.88
5394,0.47
5395,0.51
5396,0.88
5397,0.41
5398,0.51
5399,0.63
5400,0.41
5401,0.16
5402,0.37
5403,0.40
5404,0.40
5405,0.16
5406,0.40
5407,0.16
5408,0.60
5409,0.41
5410,0.34
5411,0.28
5412,0.88
5413,0.34
5414,0.88
5415,0.40
5416,0.60
5417,0.28
5418,0.16
5419,0.88
5420,0.41
5421,0.51
5422,0.60
5423,0.88
5424,0.16
5425,0.60
5426,0.63
5427,0.51
5428,0.47
5429,0.28
5430,0.40
5431,0.41
5432,0.88
5433,0.60
5434,0.88
5435,0.41
5436,0.40
5437,0.60
5438,0.63
5439,0.63
5440,0.28
5441,0.88
5442,0.34
5443,0.51
5444,0.60
5445,0.46
5446,0.88
5447,0.40
5448,0.51
5449,0.40
5450,0.28
5451,0.88
5452,0.34
5453,0.88
5454,0.63
5455,0.88
5456,0.51
5457,0.88
5458,0.46
5459,0.88
5460,0.51
5461,0.60
5462,0.47
5463,0.47
5464,0.63
5465,0.28
5466,0.40
5467,0.46
5468,0.34
5469,0.40
5470,0.37
5471,0.34
5472,0.88
5473,0.28
5474,0.47
5475,0.41
5476,0.51
5477,0.51
5478,0.47
5479,0.88
5480,0.46
5481,0.28
5482,0.40
5483,0.60
5484,0.60
5485,0.28
5486,0.63
5487,0.88
5488,0.28
5489,0.60
5490,0.88
5491,0.60
5492,0.88
5493,0.51
5494,0.46
5495,0.51
5496,0.88
5497,0.51
5498,0.60
5499,0.47
5500,0.88
5501,0.51
5502,0.41
5503,0.40
5504,0.40
5505,0.47
5506,0.51
5507,0.51
5508,0.40
5509,0.60
5510,0.63
5511,0.41
5512,0.60
5513,0.60
5514,0.88
5515,0.47
5516,0.60
5517,0.40
5518,0.16
5519,0.60
5520,0.88
5521,0.47
5522,0.40
5523,0.46
5524,0.88
5525,0.51
5526,0.37
5527,0.63
5528,0.28
5529,0.51
5530,0.16
5531,0.16
5532,0.51
5533,0.47
5534,0.47
5535,0.51
5536,0.40
5537,0.60
5538,0.88
5539,0.37
5540,0.28
5541,0.16
5542,0.88
5543,0.88
5544,0.88
5545,0.16
5546,0.63
5547,0.46
5548,0.51
5549,0.40
5550,0.16
5551,0.60
5552,0.37
5553,0.34
5554,0.88
5555,0.60
5556,0.47
5557,0.40
5558,0.16
5559,0.60
5560,0.47
5561,0.16
5562,0.63
5563,0.41
5564,0.40
5565,0.40
5566,0.28
5567,0.28
5568,0.60
5569,0.60
5570,0.40
5571,0.40
5572,0.88
5573,0.88
5574,0.47
5575,0.63
5576,0.88
5577,0.16
5578,0.63
5579,0.28
5580,0.47
5581,0.34
5582,0.37
5583,0.60
5584,0.47
5585,0.63
5586,0.41
5587,0.16
5588,0.47
5589,0.60
5590,0.51
5591,0.60
5592,0.47
5593,0.40
5594,0.88
5595,0.47
5596,0.47
5597,0.37
5598,0.51
5599,0.88
5600,0.63
5601,0.60
5602,0.63
5603,0.51
5604,0.40
5605,0.88
5606,0.28
5607,0.63
5608,0.16
5609,0.47
5610,0.40
5611,0.60
5612,0.63
5613,0.16
5614,0.60
5615,0.28
5616,0.16
5617,0.41
5618,0.16
5619,0.63
5620,0.37
5621,0.88
5622,0.28
5623,0.47
5624,0.60
5625,0.41
5626,0.40
5627,0.51
5628,0.60
5629,0.28
5630,0.60
5631,0.47
5632,0.28
5633,0.88
5634,0.47
5635,0.88
5636,0.28
5637,0.28
5638,0.47
5639,0.47
5640,0.60
5641,0.46
5642,0.60
5643,0.60
5644,0.88
5645,0.16
5646,0.37
5647,0.16
5648,0.37
5649,0.51
5650,0.46
5651,0.46
5652,0.51
5653,0.28
5654,0.16
5655,0.40
5656,0.41
5657,0.40
5658,0.88
5659,0.47
5660,0.88
5661,0.16
5662,0.88
5663,0.34
5664,0.51
5665,0.40
5666,0.63
5667,0.63
5668,0.47
5669,0.28
5670,0.41
5671,0.47
5672,0.60
5673,0.28
5674,0.47
5675,0.88
5676,0.60
5677,0.47
5678,0.60
5679,0.41
5680,0.16
5681,0.16
5682,0.47
5683,0.60
5684,0.88
5685,0.28
5686,0.47
5687,0.88
5688,0.88
5689,0.46
5690,0.16
5691,0.60
5692,0.41
5693,0.60
5694,0.47
5695,0.16
5696,0.16
5697,0.40
5698,0.34
5699,0.46
5700,0.16
5701,0.88
5702,0.40
5703,0.88
5704,0.88
5705,0.88
5706,0.88
5707,0.28
5708,0.46
5709,0.88
5710,0.88
5711,0.40
5712,0.41
5713,0.34
5714,0.51
5715,0.46
5716,0.51
5717,0.40
5718,0.51
5719,0.16
5720,0.63
5721,0.60
5722,0.46
5723,0.37
5724,0.46
5725,0.60
5726,0.60
5727,0.16
5728,0.47
5729,0.40
5730,0.47
5731,0.51
5732,0.40
5733,0.88
5734,0.51
5735,0.37
5736,0.88
5737,0.47
5738,0.51
5739,0.88
5740,0.16
5741,0.46
5742,0.40
5743,0.47
5744,0.16
5745,0.88
5746,0.40
5747,0.41
5748,0.63
5749,0.88
5750,0.47
5751,0.88
5752,0.63
5753,0.37
5754,0.28
5755,0.51
5756,0.88
5757,0.28
5758,0.46
5759,0.60
5760,0.28
5761,0.47
5762,0.63
5763,0.41
5764,0.16
5765,0.47
5766,0.46
5767,0.40
5768,0.28
5769,0.88
5770,0.40
5771,0.37
5772,0.40
5773,0.46
5774,0.63
5775,0.46
5776,0.40
5777,0.40
5778,0.16
5779,0.46
5780,0.60
5781,0.60
5782,0.40
5783,0.47
5784,0.34
5785,0.60
5786,0.88
5787,0.41
5788,0.63
5789,0.16
5790,0.88
5791,0.16
5792,0.46
5793,0.41
5794,0.16
5795,0.40
5796,0.28
5797,0.34
5798,0.60
5799,0.41
5800,0.28
5801,0.28
5802,0.46
5803,0.28
5804,0.63
5805,0.88
5806,0.60
5807,0.40
5808,0.28
5809,0.37
5810,0.60
5811,0.47
5812,0.40
5813,0.63
5814,0.41
5815,0.28
5816,0.40
5817,0.40
5818,0.88
5819,0.37
5820,0.51
5821,0.41
5822,0.88
5823,0.47
5824,0.60
5825,0.60
5826,0.88
5827,0.37
5828,0.46
5829,0.28
5830,0.34
5831,0.60
5832,0.60
5833,0.37
5834,0.51
5835,0.16
5836,0.28
5837,0.41
5838,0.40
5839,0.88
5840,0.16
5841,0.51
5842,0.60
5843,0.88
5844,0.40
5845,0.88
5846,0.37
5847,0.40
5848,0.28
5849,0.37
5850,0.37
5851,0.60
5852,0.47
5853,0.40
5854,0.28
5855,0.60
5856,0.41
5857,0.88
5858,0.40
5859,0.40
5860,0.51
5861,0.28
5862,0.60
5863,0.28
5864,0.88
5865,0.51
5866,0.63
5867,0.88
5868,0.47
5869,0.47
5870,0.16
5871,0.41
5872,0.88
5873,0.88
5874,0.40
5875,0.46
5876,0.16
5877,0.88
5878,0.51
5879,0.40
5880,0.51
5881,0.37
5882,0.16
5883,0.88
5884,0.88
5885,0.47
5886,0.63
5887,0.46
5888,0.16
5889,0.40
5890,0.40
5891,0.40
5892,0.47
5893,0.37
5894,0.60
5895,0.40
5896,0.47
5897,0.40
5898,0.46
5899,0.40
5900,0.47
5901,0.40
5902,0.60
5903,0.63
5904,0.16
5905,0.88
5906,0.51
5907,0.51
5908,0.34
5909,0.47
5910,0.88
5911,0.28
5912,0.46
5913,0.88
5914,0.46
5915,0.28
5916,0.34
5917,0.63
5918,0.40
5919,0.40
5920,0.63
5921,0.51
5922,0.60
5923,0.88
5924,0.16
5925,0.51
5926,0.63
5927,0.16
5928,0.51
5929,0.51
5930,0.51
5931,0.47
5932,0.88
5933,0.88
5934,0.47
5935,0.28
5936,0.28
5937,0.51
5938,0.41
5939,0.41
5940,0.16
5941,0.88
5942,0.40
5943,0.40
5944,0.88
5945,0.88
5946,0.60
5947,0.60
5948,0.47
5949,0.88
5950,0.16
5951,0.51
5952,0.47
5953,0.28
5954,0.60
5955,0.47
5956,0.63
5957,0.16
5958,0.40
5959,0.46
5960,0.47
5961,0.47
5962,0.60
5963,0.88
5964,0.88
5965,0.63
5966,0.88
5967,0.47
5968,0.41
5969,0.28
5970,0.60
5971,0.60
5972,0.88
5973,0.40
5974,0.60
5975,0.46
5976,0.28
5977,0.16
5978,0.47
5979,0.40
5980,0.63
5981,0.63
5982,0.34
5983,0.28
5984,0.40
5985,0.51
5986,0.40
5987,0.51
5988,0.88
5989,0.47
5990,0.88
5991,0.88
5992,0.47
5993,0.47
5994,0.51
5995,0.88
5996,0.41
5997,0.60
5998,0.28
5999,0.63
6000,0.88
6001,0.60
6002,0.88
6003,0.88
6004,0.41
6005,0.40
6006,0.16
6007,0.40
6008,0.51
6009,0.63
6010,0.28
6011,0.40
6012,0.47
6013,0.34
6014,0.60
6015,0.51
6016,0.63
6017,0.51
6018,0.60
6019,0.51
6020,0.51
6021,0.37
6022,0.28
6023,0.46
6024,0.51
6025,0.63
6026,0.40
6027,0.88
6028,0.63
6029,0.51
6030,0.60
6031,0.37
6032,0.88
6033,0.60
6034,0.51
6035,0.40
6036,0.88
6037,0.60
6038,0.28
6039,0.47
6040,0.51
6041,0.28
6042,0.34
6043,0.60
6044,0.63
6045,0.16
6046,0.63
6047,0.88
6048,0.51
6049,0.40
6050,0.88
6051,0.60
6052,0.63
6053,0.60
6054,0.51
6055,0.28
6056,0.40
6057,0.63
6058,0.88
6059,0.51
6060,0.63
6061,0.63
6062,0.51
6063,0.34
6064,0.63
6065,0.60
6066,0.51
6067,0.51
6068,0.28
6069,0.60
6070,0.47
6071,0.88
6072,0.40
6073,0.88
6074,0.28
6075,0.40
6076,0.40
6077,0.40
6078,0.40
6079,0.16
6080,0.47
6081,0.47
6082,0.28
6083,0.60
6084,0.51
6085,0.40
6086,0.34
6087,0.51
6088,0.60
6089,0.51
6090,0.51
6091,0.34
6092,0.28
6093,0.60
6094,0.51
6095,0.16
6096,0.60
6097,0.60
6098,0.63
6099,0.51
6100,0.60
6101,0.47
6102,0.34
6103,0.88
6104,0.28
6105,0.34
6106,0.63
6107,0.60
6108,0.34
6109,0.51
6110,0.37
6111,0.47
6112,0.16
6113,0.60
6114,0.40
6115,0.37
6116,0.51
6117,0.28
6118,0.47
6119,0.47
6120,0.16
6121,0.88
6122,0.28
6123,0.16
6124,0.47
6125,0.41
6126,0.41
6127,0.40
6128,0.40
6129,0.34
6130,0.40
6131,0.88
6132,0.41
6133,0.63
6134,0.37
6135,0.51
6136,0.60
6137,0.47
6138,0.41
6139,0.88
6140,0.28
6141,0.88
6142,0.88
6143,0.37
6144,0.47
6145,0.60
6146,0.40
6147,0.47
6148,0.51
6149,0.40
6150,0.40
6151,0.63
6152,0.34
6153,0.60
6154,0.88
6155,0.28
6156,0.28
6157,0.46
6158,0.40
6159,0.28
6160,0.40
6161,0.16
6162,0.63
6163,0.51
6164,0.47
6165,0.63
6166,0.51
6167,0.34
6168,0.41
6169,0.47
6170,0.63
6171,0.88
6172,0.41
6173,0.37
6174,0.46
6175,0.40
6176,0.40
6177,0.46
6178,0.28
6179,0.41
6180,0.63
6181,0.16
6182,0.88
6183,0.47
6184,0.37
6185,0.60
6186,0.63
6187,0.63
6188,0.47
6189,0.88
6190,0.28
6191,0.60
6192,0.51
6193,0.88
6194,0.16
6195,0.60
6196,0.60
6197,0.88
6198,0.40
6199,0.63
6200,0.37
6201,0.40
6202,0.37
6203,0.16
6204,0.88
6205,0.40
6206,0.88
6207,0.34
6208,0.41
6209,0.16
6210,0.47
6211,0.47
6212,0.34
6213,0.16
6214,0.47
6215,0.37
6216,0.41
6217,0.51
6218,0.28
6219,0.88
6220,0.40
6221,0.40
6222,0.37
6223,0.88
6224,0.28
6225,0.41
6226,0.63
6227,0.63
6228,0.60
6229,0.88
6230,0.88
6231,0.51
6232,0.16
6233,0.40
6234,0.88
6235,0.34
6236,0.40
6237,0.46
6238,0.51
6239,0.60
6240,0.46
6241,0.60
6242,0.47
6243,0.60
6244,0.40
6245,0.34
6246,0.40
6247,0.40
6248,0.51
6249,0.47
6250,0.88
6251,0.40
6252,0.34
6253,0.63
6254,0.40
6255,0.41
6256,0.34
6257,0.60
6258,0.60
6259,0.46
6260,0.51
6261,0.28
6262,0.51
6263,0.63
6264,0.28
6265,0.16
6266,0.88
6267,0.63
6268,0.88
6269,0.37
6270,0.37
6271,0.47
6272,0.40
6273,0.28
6274,0.46
6275,0.34
6276,0.51
6277,0.63
6278,0.63
6279,0.34
6280,0.88
6281,0.28
6282,0.47
6283,0.28
6284,0.63
6285,0.60
6286,0.60
6287,0.40
6288,0.63
6289,0.40
6290,0.88
6291,0.40
6292,0.34
6293,0.34
6294,0.37
6295,0.88
6296,0.88
6297,0.40
6298,0.28
6299,0.88
6300,0.34
6301,0.41
6302,0.40
6303,0.28
6304,0.88
6305,0.37
6306,0.40
6307,0.63
6308,0.40
6309,0.46
6310,0.60
6311,0.16
6312,0.16
6313,0.63
6314,0.37
6315,0.60
6316,0.88
6317,0.51
6318,0.51
6319,0.46
6320,0.88
6321,0.51
6322,0.41
6323,0.37
6324,0.88
6325,0.46
6326,0.28
6327,0.51
6328,0.16
6329,0.47
6330,0.51
6331,0.40
6332,0.46
6333,0.51
6334,0.37
6335,0.51
6336,0.51
6337,0.37
6338,0.60
6339,0.47
6340,0.28
6341,0.60
6342,0.40
6343,0.37
6344,0.88
6345,0.40
6346,0.88
6347,0.40
6348,0.88
6349,0.51
6350,0.37
6351,0.60
6352,0.88
6353,0.46
6354,0.37
6355,0.28
6356,0.28
6357,0.88
6358,0.37
6359,0.63
6360,0.88
6361,0.28
6362,0.60
6363,0.88
6364,0.40
6365,0.28
6366,0.28
6367,0.63
6368,0.28
6369,0.88
6370,0.51
6371,0.88
6372,0.28
6373,0.63
6374,0.41
6375,0.28
6376,0.88
6377,0.41
6378,0.88
6379,0.60
6380,0.40
6381,0.46
6382,0.46
6383,0.63
6384,0.34
6385,0.60
6386,0.51
6387,0.40
6388,0.63
6389,0.60
6390,0.51
6391,0.51
6392,0.46
6393,0.60
6394,0.40
6395,0.41
6396,0.88
6397,0.16
6398,0.37
6399,0.28
6400,0.40
6401,0.40
6402,0.16
6403,0.63
6404,0.88
6405,0.40
6406,0.47
6407,0.88
6408,0.60
6409,0.37
6410,0.40
6411,0.37
6412,0.60
6413,0.40
6414,0.60
6415,0.51
6416,0.51
6417,0.16
6418,0.16
6419,0.47
6420,0.60
6421,0.60
6422,0.28
6423,0.28
6424,0.46
6425,0.63
6426,0.88
6427,0.46
6428,0.37
6429,0.51
6430,0.88
6431,0.16
6432,0.63
6433,0.37
6434,0.37
6435,0.28
6436,0.16
6437,0.60
6438,0.40
6439,0.46
6440,0.47
6441,0.47
6442,0.47
6443,0.34
6444,0.37
6445,0.16
6446,0.41
6447,0.34
6448,0.88
6449,0.63
6450,0.28
6451,0.47
6452,0.51
6453,0.63
6454,0.40
6455,0.47
6456,0.88
6457,0.40
6458,0.40
6459,0.40
6460,0.28
6461,0.28
6462,0.40
6463,0.40
6464,0.63
6465,0.40
6466,0.51
6467,0.88
6468,0.88
6469,0.40
6470,0.37
6471,0.46
6472,0.63
6473,0.47
6474,0.60
6475,0.63
6476,0.88
6477,0.34
6478,0.28
6479,0.34
6480,0.37
6481,0.47
6482,0.46
6483,0.46
6484,0.34
6485,0.51
6486,0.28
6487,0.46
6488,0.88
6489,0.16
6490,0.60
6491,0.34
6492,0.28
6493,0.60
6494,0.46
6495,0.47
6496,0.60
6497,0.51
6498,0.16
6499,0.60
6500,0.51
6501,0.63
6502,0.47
6503,0.51
6504,0.28
6505,0.47
6506,0.60
6507,0.28
6508,0.51
6509,0.40
6510,0.60
6511,0.88
6512,0.88
6513,0.37
6514,0.46
6515,0.47
6516,0.28
6517,0.47
6518,0.40
6519,0.40
6520,0.16
6521,0.60
6522,0.51
6523,0.47
6524,0.46
6525,0.46
6526,0.63
6527,0.46
6528,0.88
6529,0.41
6530,0.88
6531,0.63
6532,0.28
6533,0.34
6534,0.63
6535,0.28
6536,0.88
6537,0.47
6538,0.46
6539,0.37
6540,0.51
6541,0.46
6542,0.34
6543,0.88
6544,0.51
6545,0.47
6546,0.40
6547,0.46
6548,0.46
6549,0.88
6550,0.63
6551,0.60
6552,0.28
6553,0.63
6554,0.40
6555,0.40
6556,0.46
6557,0.41
6558,0.46
6559,0.37
6560,0.16
6561,0.63
6562,0.63
6563,0.60
6564,0.40
6565,0.41
6566,0.28
6567,0.88
6568,0.60
6569,0.28
6570,0.47
6571,0.88
6572,0.60
6573,0.34
6574,0.88
6575,0.47
6576,0.28
6577,0.28
6578,0.40
6579,0.40
6580,0.47
6581,0.47
6582,0.46
6583,0.51
6584,0.51
6585,0.40
6586,0.40
6587,0.28
6588,0.40
6589,0.28
6590,0.37
6591,0.40
6592,0.88
6593,0.37
6594,0.34
6595,0.63
6596,0.37
6597,0.47
6598,0.47
6599,0.47
6600,0.51
6601,0.60
6602,0.40
6603,0.28
6604,0.60
6605,0.28
6606,0.28
6607,0.47
6608,0.51
6609,0.41
6610,0.16
6611,0.28
6612,0.28
6613,0.63
6614,0.60
6615,0.63
6616,0.28
6617,0.88
6618,0.40
6619,0.88
6620,0.47
6621,0.16
6622,0.60
6623,0.37
6624,0.47
6625,0.47
6626,0.60
6627,0.46
6628,0.47
6629,0.40
6630,0.88
6631,0.46
6632,0.51
6633,0.40
6634,0.40
6635,0.88
6636,0.40
6637,0.88
6638,0.40
6639,0.88
6640,0.51
6641,0.88
6642,0.40
6643,0.28
6644,0.28
6645,0.34
6646,0.28
6647,0.47
6648,0.16
6649,0.16
6650,0.28
6651,0.63
6652,0.51
6653,0.51
6654,0.47
6655,0.34
6656,0.34
6657,0.51
6658,0.37
6659,0.41
6660,0.88
6661,0.60
6662,0.47
6663,0.51
6664,0.51
6665,0.63
6666,0.41
6667,0.60
6668,0.40
6669,0.60
6670,0.63
6671,0.88
6672,0.51
6673,0.16
6674,0.46
6675,0.47
6676,0.60
6677,0.34
6678,0.63
6679,0.51
6680,0.16
6681,0.46
6682,0.40
6683,0.41
6684,0.88
6685,0.46
6686,0.34
6687,0.63
6688,0.40
6689,0.88
6690,0.63
6691,0.60
6692,0.88
6693,0.41
6694,0.63
6695,0.28
6696,0.88
6697,0.40
6698,0.51
6699,0.41
6700,0.28
6701,0.51
6702,0.16
6703,0.16
6704,0.63
6705,0.16
6706,0.47
6707,0.51
6708,0.60
6709,0.51
6710,0.16
6711,0.63
6712,0.34
6713,0.47
6714,0.16
6715,0.40
6716,0.46
6717,0.47
6718,0.40
6719,0.47
6720,0.37
6721,0.60
6722,0.51
6723,0.88
6724,0.47
6725,0.40
6726,0.60
6727,0.46
6728,0.16
6729,0.88
6730,0.60
6731,0.51
6732,0.88
6733,0.51
6734,0.60
6735,0.47
6736,0.60
6737,0.60
6738,0.47
6739,0.34
6740,0.28
6741,0.51
6742,0.37
6743,0.16
6744,0.88
6745,0.88
6746,0.37
6747,0.40
6748,0.60
6749,0.88
6750,0.41
6751,0.16
6752,0.40
6753,0.28
6754,0.40
6755,0.28
6756,0.40
6757,0.60
6758,0.51
6759,0.40
6760,0.60
6761,0.28
6762,0.16
6763,0.40
6764,0.37
6765,0.16
6766,0.47
6767,0.28
6768,0.41
6769,0.37
6770,0.88
6771,0.60
6772,0.63
6773,0.16
6774,0.40
6775,0.60
6776,0.60
6777,0.40
6778,0.47
6779,0.47
6780,0.51
6781,0.88
6782,0.63
6783,0.40
6784,0.88
6785,0.37
6786,0.46
6787,0.63
6788,0.41
6789,0.88
6790,0.40
6791,0.16
6792,0.88
6793,0.37
6794,0.37
6795,0.41
6796,0.88
6797,0.60
6798,0.88
6799,0.28
6800,0.88
6801,0.88
6802,0.41
6803,0.51
6804,0.16
6805,0.88
6806,0.60
6807,0.51
6808,0.16
6809,0.28
6810,0.16
6811,0.51
6812,0.47
6813,0.47
6814,0.40
6815,0.41
6816,0.88
6817,0.60
6818,0.47
6819,0.40
6820,0.28
6821,0.88
6822,0.37
6823,0.51
6824,0.40
6825,0.88
6826,0.41
6827,0.28
6828,0.40
6829,0.47
6830,0.37
6831,0.88
6832,0.16
6833,0.88
6834,0.60
6835,0.34
6836,0.51
6837,0.16
6838,0.51
6839,0.40
6840,0.16
6841,0.47
6842,0.60
6843,0.46
6844,0.40
6845,0.40
6846,0.60
6847,0.88
6848,0.60
6849,0.60
6850,0.41
6851,0.16
6852,0.47
6853,0.47
6854,0.60
6855,0.40
6856,0.46
6857,0.47
6858,0.46
6859,0.63
6860,0.47
6861,0.88
6862,0.88
6863,0.37
6864,0.60
6865,0.28
6866,0.40
6867,0.63
6868,0.60
6869,0.63
6870,0.63
6871,0.41
6872,0.28
6873,0.88
6874,0.60
6875,0.41
6876,0.40
6877,0.37
6878,0.16
6879,0.60
6880,0.60
6881,0.51
6882,0.46
6883,0.60
6884,0.60
6885,0.63
6886,0.46
6887,0.51
6888,0.28
6889,0.16
6890,0.88
6891,0.63
6892,0.88
6893,0.41
6894,0.88
6895,0.88
6896,0.16
6897,0.88
6898,0.46
6899,0.40
6900,0.88
6901,0.47
6902,0.51
6903,0.16
6904,0.40
6905,0.34
6906,0.16
6907,0.37
6908,0.40
6909,0.47
6910,0.47
6911,0.88
6912,0.40
6913,0.41
6914,0.47
6915,0.47
6916,0.40
6917,0.60
6918,0.51
6919,0.60
6920,0.40
6921,0.60
6922,0.34
6923,0.16
6924,0.88
6925,0.37
6926,0.60
6927,0.47
6928,0.63
6929,0.37
6930,0.40
6931,0.88
6932,0.88
6933,0.47
6934,0.46
6935,0.63
6936,0.88
6937,0.47
6938,0.40
6939,0.16
6940,0.88
6941,0.60
6942,0.46
6943,0.40
6944,0.34
6945,0.41
6946,0.34
6947,0.40
6948,0.28
6949,0.88
6950,0.47
6951,0.88
6952,0.40
6953,0.60
6954,0.60
6955,0.34
6956,0.28
6957,0.34
6958,0.28
6959,0.60
6960,0.28
6961,0.88
6962,0.28
6963,0.51
6964,0.60
6965,0.88
6966,0.28
6967,0.46
6968,0.60
6969,0.88
6970,0.16
6971,0.40
6972,0.63
6973,0.51
6974,0.60
6975,0.88
6976,0.40
6977,0.16
6978,0.41
6979,0.37
6980,0.51
6981,0.16
6982,0.47
6983,0.88
6984,0.47
6985,0.16
6986,0.47
6987,0.63
6988,0.47
6989,0.63
6990,0.46
6991,0.60
6992,0.40
6993,0.46
6994,0.60
6995,0.88
6996,0.41
6997,0.88
6998,0.41
6999,0.51
7000,0.47
7001,0.51
7002,0.63
7003,0.40
7004,0.88
7005,0.63
7006,0.51
7007,0.46
7008,0.46
7009,0.60
7010,0.28
7011,0.34
7012,0.16
7013,0.88
7014,0.60
7015,0.63
7016,0.34
7017,0.34
7018,0.16
7019,0.60
7020,0.28
7021,0.34
7022,0.28
7023,0.40
7024,0.51
7025,0.47
7026,0.60
7027,0.28
7028,0.60
7029,0.51
7030,0.47
7031,0.28
7032,0.60
7033,0.16
7034,0.88
7035,0.88
7036,0.40
7037,0.28
7038,0.28
7039,0.37
7040,0.51
7041,0.46
7042,0.46
7043,0.37
7044,0.40
7045,0.51
7046,0.60
7047,0.37
7048,0.63
7049,0.60
7050,0.28
7051,0.60
7052,0.47
7053,0.47
7054,0.28
7055,0.47
7056,0.47
7057,0.40
7058,0.51
7059,0.28
7060,0.47
7061,0.16
7062,0.60
7063,0.60
7064,0.40
7065,0.88
7066,0.63
7067,0.41
7068,0.34
7069,0.34
7070,0.51
7071,0.51
7072,0.88
7073,0.16
7074,0.40
7075,0.28
7076,0.60
7077,0.16
7078,0.40
7079,0.88
7080,0.88
7081,0.46
7082,0.28
7083,0.40
7084,0.46
7085,0.37
7086,0.28
7087,0.88
7088,0.41
7089,0.63
7090,0.46
7091,0.40
7092,0.60
7093,0.60
7094,0.28
7095,0.63
7096,0.51
7097,0.40
7098,0.63
7099,0.37
7100,0.47
7101,0.46
7102,0.63
7103,0.60
7104,0.37
7105,0.63
7106,0.88
7107,0.47
7108,0.60
7109,0.51
7110,0.16
7111,0.51
7112,0.40
7113,0.40
7114,0.47
7115,0.47
7116,0.51
7117,0.16
7118,0.40
7119,0.60
7120,0.51
7121,0.37
7122,0.40
7123,0.88
7124,0.40
7125,0.37
7126,0.47
7127,0.41
7128,0.40
7129,0.34
7130,0.88
7131,0.41
7132,0.28
7133,0.28
7134,0.28
7135,0.60
7136,0.60
7137,0.28
7138,0.60
7139,0.28
7140,0.28
7141,0.37
7142,0.16
7143,0.46
7144,0.46
7145,0.88
7146,0.40
7147,0.37
7148,0.40
7149,0.88
7150,0.41
7151,0.16
7152,0.28
7153,0.46
7154,0.63
7155,0.88
7156,0.60
7157,0.37
7158,0.63
7159,0.41
7160,0.34
7161,0.28
7162,0.16
7163,0.47
7164,0.60
7165,0.41
7166,0.88
7167,0.34
7168,0.47
7169,0.37
7170,0.60
7171,0.28
7172,0.41
7173,0.40
7174,0.51
7175,0.28
7176,0.63
7177,0.51
7178,0.47
7179,0.88
7180,0.88
7181,0.88
7182,0.40
7183,0.88
7184,0.88
7185,0.47
7186,0.28
7187,0.46
7188,0.37
7189,0.16
7190,0.63
7191,0.40
7192,0.88
7193,0.37
7194,0.51
7195,0.51
7196,0.28
7197,0.37
7198,0.51
7199,0.16
7200,0.88
7201,0.51
7202,0.60
7203,0.63
7204,0.16
7205,0.60
7206,0.47
7207,0.47
7208,0.28
7209,0.34
7210,0.41
7211,0.51
7212,0.37
7213,0.60
7214,0.41
7215,0.16
7216,0.88
7217,0.88
7218,0.46
7219,0.34
7220,0.88
7221,0.60
7222,0.88
7223,0.40
7224,0.51
7225,0.88
7226,0.46
7227,0.37
7228,0.34
7229,0.40
7230,0.34
7231,0.40
7232,0.47
7233,0.60
7234,0.47
7235,0.28
7236,0.63
7237,0.51
7238,0.47
7239,0.37
7240,0.34
7241,0.47
7242,0.41
7243,0.28
7244,0.60
7245,0.40
7246,0.16
7247,0.40
7248,0.47
7249,0.51
7250,0.47
7251,0.63
7252,0.60
7253,0.34
7254,0.47
7255,0.88
7256,0.41
7257,0.63
7258,0.88
7259,0.60
7260,0.41
7261,0.37
7262,0.63
7263,0.51
7264,0.47
7265,0.34
7266,0.37
7267,0.88
7268,0.40
7269,0.88
7270,0.46
7271,0.41
7272,0.40
7273,0.34
7274,0.88
7275,0.88
7276,0.46
7277,0.63
7278,0.63
7279,0.34
7280,0.40
7281,0.46
7282,0.46
7283,0.46
7284,0.47
7285,0.46
7286,0.60
7287,0.88
7288,0.60
7289,0.63
7290,0.60
7291,0.63
7292,0.34
7293,0.40
7294,0.37
7295,0.16
7296,0.88
7297,0.63
7298,0.88
7299,0.28
7300,0.41
7301,0.46
7302,0.47
7303,0.63
7304,0.28
7305,0.88
7306,0.47
7307,0.47
7308,0.16
7309,0.46
7310,0.88
7311,0.34
7312,0.46
7313,0.60
7314,0.40
7315,0.47
7316,0.34
7317,0.47
7318,0.34
7319,0.41
7320,0.40
7321,0.47
7322,0.88
7323,0.34
7324,0.88
7325,0.41
7326,0.47
7327,0.51
7328,0.37
7329,0.51
7330,0.34
7331,0.41
7332,0.40
7333,0.47
7334,0.63
7335,0.60
7336,0.40
7337,0.51
7338,0.47
7339,0.51
7340,0.47
7341,0.60
7342,0.88
7343,0.47
7344,0.40
7345,0.28
7346,0.47
7347,0.88
7348,0.40
7349,0.88
7350,0.40
7351,0.63
7352,0.51
7353,0.34
7354,0.88
7355,0.88
7356,0.63
7357,0.40
7358,0.16
7359,0.60
7360,0.63
7361,0.60
7362,0.88
7363,0.47
7364,0.37
7365,0.46
7366,0.47
7367,0.88
7368,0.60
7369,0.88
7370,0.60
7371,0.63
7372,0.40
7373,0.88
7374,0.47
7375,0.28
7376,0.88
7377,0.16
7378,0.63
7379,0.41
7380,0.63
7381,0.47
7382,0.40
7383,0.40
7384,0.88
7385,0.16
7386,0.51
7387,0.47
7388,0.41
7389,0.88
7390,0.63
7391,0.40
7392,0.40
7393,0.34
7394,0.88
7395,0.60
7396,0.51
7397,0.46
7398,0.40
7399,0.40
7400,0.41
7401,0.88
7402,0.28
7403,0.46
7404,0.47
7405,0.63
7406,0.16
7407,0.63
7408,0.41
7409,0.28
7410,0.37
7411,0.28
7412,0.40
7413,0.16
7414,0.88
7415,0.28
7416,0.16
7417,0.88
7418,0.16
7419,0.41
7420,0.88
7421,0.40
