Id,Predicted
0,0.35
1,0.28
2,0.52
3,0.36
4,0.88
5,0.25
6,0.57
7,0.41
8,0.47
9,0.59
10,0.52
11,0.51
12,0.39
13,0.47
14,0.89
15,0.92
16,0.89
17,0.55
18,0.58
19,0.34
20,0.48
21,0.89
22,0.49
23,0.47
24,0.45
25,0.54
26,0.55
27,0.43
28,0.55
29,0.58
30,0.48
31,0.43
32,0.54
33,0.33
34,0.43
35,0.39
36,0.46
37,0.53
38,0.42
39,0.92
40,0.58
41,0.40
42,0.60
43,0.39
44,0.89
45,0.47
46,0.60
47,0.21
48,0.39
49,0.48
50,0.36
51,0.21
52,0.22
53,0.38
54,0.41
55,0.48
56,0.49
57,0.38
58,0.32
59,0.54
60,0.57
61,0.38
62,0.21
63,0.89
64,0.90
65,0.49
66,0.60
67,0.47
68,0.23
69,0.46
70,0.56
71,0.92
72,0.89
73,0.43
74,0.21
75,0.74
76,0.46
77,0.49
78,0.53
79,0.28
80,0.56
81,0.24
82,0.21
83,0.91
84,0.28
85,0.73
86,0.47
87,0.51
88,0.43
89,0.92
90,0.53
91,0.89
92,0.56
93,0.26
94,0.90
95,0.45
96,0.31
97,0.48
98,0.92
99,0.42
100,0.43
101,0.51
102,0.21
103,0.55
104,0.56
105,0.43
106,0.37
107,0.46
108,0.45
109,0.56
110,0.22
111,0.54
112,0.37
113,0.53
114,0.47
115,0.42
116,0.45
117,0.58
118,0.20
119,0.34
120,0.23
121,0.89
122,0.26
123,0.41
124,0.42
125,0.20
126,0.59
127,0.55
128,0.61
129,0.71
130,0.21
131,0.77
132,0.26
133,0.47
134,0.53
135,0.63
136,0.23
137,0.34
138,0.45
139,0.56
140,0.53
141,0.56
142,0.57
143,0.92
144,0.92
145,0.49
146,0.49
147,0.53
148,0.52
149,0.37
150,0.38
151,0.88
152,0.20
153,0.42
154,0.52
155,0.51
156,0.21
157,0.54
158,0.50
159,0.39
160,0.38
161,0.47
162,0.54
163,0.23
164,0.52
165,0.45
166,0.28
167,0.41
168,0.88
169,0.40
170,0.43
171,0.45
172,0.56
173,0.47
174,0.42
175,0.54
176,0.31
177,0.24
178,0.53
179,0.48
180,0.45
181,0.54
182,0.89
183,0.49
184,0.37
185,0.46
186,0.51
187,0.53
188,0.58
189,0.57
190,0.58
191,0.44
192,0.51
193,0.41
194,0.38
195,0.20
196,0.52
197,0.43
198,0.20
199,0.22
200,0.42
201,0.36
202,0.41
203,0.41
204,0.60
205,0.43
206,0.20
207,0.57
208,0.87
209,0.58
210,0.39
211,0.58
212,0.42
213,0.51
214,0.43
215,0.55
216,0.50
217,0.54
218,0.48
219,0.21
220,0.20
221,0.54
222,0.21
223,0.20
224,0.45
225,0.52
226,0.51
227,0.89
228,0.58
229,0.46
230,0.28
231,0.24
232,0.54
233,0.38
234,0.21
235,0.35
236,0.59
237,0.21
238,0.51
239,0.44
240,0.43
241,0.46
242,0.23
243,0.20
244,0.51
245,0.40
246,0.42
247,0.52
248,0.57
249,0.30
250,0.89
251,0.55
252,0.40
253,0.28
254,0.48
255,0.53
256,0.55
257,0.57
258,0.56
259,0.42
260,0.22
261,0.27
262,0.21
263,0.92
264,0.54
265,0.56
266,0.45
267,0.61
268,0.48
269,0.45
270,0.45
271,0.74
272,0.24
273,0.43
274,0.56
275,0.45
276,0.40
277,0.27
278,0.88
279,0.38
280,0.92
281,0.56
282,0.92
283,0.54
284,0.56
285,0.54
286,0.50
287,0.48
288,0.92
289,0.47
290,0.60
291,0.38
292,0.89
293,0.43
294,0.22
295,0.37
296,0.21
297,0.39
298,0.27
299,0.43
300,0.43
301,0.46
302,0.41
303,0.48
304,0.47
305,0.47
306,0.44
307,0.50
308,0.37
309,0.48
310,0.50
311,0.24
312,0.92
313,0.40
314,0.52
315,0.51
316,0.49
317,0.56
318,0.41
319,0.29
320,0.31
321,0.92
322,0.33
323,0.22
324,0.59
325,0.86
326,0.39
327,0.42
328,0.36
329,0.49
330,0.21
331,0.50
332,0.20
333,0.21
334,0.92
335,0.58
336,0.40
337,0.47
338,0.58
339,0.55
340,0.47
341,0.43
342,0.42
343,0.20
344,0.90
345,0.51
346,0.20
347,0.36
348,0.35
349,0.43
350,0.77
351,0.43
352,0.54
353,0.52
354,0.52
355,0.50
356,0.43
357,0.19
358,0.53
359,0.45
360,0.39
361,0.57
362,0.36
363,0.52
364,0.35
365,0.58
366,0.51
367,0.89
368,0.26
369,0.30
370,0.36
371,0.75
372,0.38
373,0.55
374,0.89
375,0.45
376,0.53
377,0.43
378,0.59
379,0.43
380,0.51
381,0.21
382,0.20
383,0.50
384,0.46
385,0.37
386,0.21
387,0.54
388,0.74
389,0.21
390,0.90
391,0.45
392,0.52
393,0.42
394,0.54
395,0.51
396,0.41
397,0.20
398,0.48
399,0.75
400,0.54
401,0.43
402,0.57
403,0.57
404,0.37
405,0.50
406,0.28
407,0.22
408,0.44
409,0.33
410,0.22
411,0.74
412,0.49
413,0.51
414,0.21
415,0.42
416,0.47
417,0.89
418,0.49
419,0.40
420,0.48
421,0.43
422,0.41
423,0.73
424,0.92
425,0.60
426,0.49
427,0.60
428,0.89
429,0.22
430,0.44
431,0.72
432,0.56
433,0.27
434,0.92
435,0.55
436,0.41
437,0.51
438,0.43
439,0.23
440,0.87
441,0.44
442,0.37
443,0.40
444,0.61
445,0.44
446,0.53
447,0.22
448,0.44
449,0.89
450,0.37
451,0.23
452,0.56
453,0.26
454,0.38
455,0.42
456,0.42
457,0.43
458,0.56
459,0.46
460,0.59
461,0.53
462,0.58
463,0.92
464,0.89
465,0.45
466,0.53
467,0.43
468,0.88
469,0.49
470,0.45
471,0.46
472,0.38
473,0.55
474,0.89
475,0.75
476,0.92
477,0.54
478,0.23
479,0.37
480,0.39
481,0.89
482,0.92
483,0.56
484,0.20
485,0.54
486,0.36
487,0.91
488,0.45
489,0.36
490,0.32
491,0.21
492,0.47
493,0.51
494,0.45
495,0.39
496,0.36
497,0.53
498,0.75
499,0.63
500,0.76
501,0.36
502,0.23
503,0.53
504,0.27
505,0.92
506,0.55
507,0.91
508,0.44
509,0.41
510,0.55
511,0.54
512,0.42
513,0.41
514,0.46
515,0.54
516,0.38
517,0.74
518,0.43
519,0.40
520,0.22
521,0.52
522,0.22
523,0.39
524,0.21
525,0.49
526,0.46
527,0.58
528,0.57
529,0.42
530,0.51
531,0.51
532,0.44
533,0.54
534,0.38
535,0.44
536,0.43
537,0.52
538,0.25
539,0.25
540,0.92
541,0.52
542,0.55
543,0.91
544,0.53
545,0.48
546,0.89
547,0.43
548,0.41
549,0.42
550,0.39
551,0.40
552,0.92
553,0.27
554,0.59
555,0.48
556,0.21
557,0.92
558,0.57
559,0.49
560,0.52
561,0.34
562,0.50
563,0.92
564,0.48
565,0.77
566,0.37
567,0.90
568,0.38
569,0.92
570,0.54
571,0.41
572,0.57
573,0.21
574,0.60
575,0.57
576,0.54
577,0.57
578,0.56
579,0.27
580,0.54
581,0.47
582,0.43
583,0.50
584,0.35
585,0.43
586,0.31
587,0.46
588,0.19
589,0.35
590,0.45
591,0.47
592,0.61
593,0.92
594,0.57
595,0.90
596,0.45
597,0.55
598,0.55
599,0.55
600,0.53
601,0.92
602,0.56
603,0.42
604,0.48
605,0.32
606,0.38
607,0.21
608,0.92
609,0.27
610,0.43
611,0.56
612,0.42
613,0.40
614,0.52
615,0.40
616,0.37
617,0.58
618,0.41
619,0.24
620,0.49
621,0.57
622,0.45
623,0.57
624,0.42
625,0.52
626,0.38
627,0.92
628,0.53
629,0.57
630,0.44
631,0.41
632,0.21
633,0.50
634,0.89
635,0.49
636,0.92
637,0.55
638,0.36
639,0.54
640,0.37
641,0.56
642,0.53
643,0.55
644,0.48
645,0.53
646,0.37
647,0.36
648,0.89
649,0.48
650,0.37
651,0.54
652,0.53
653,0.57
654,0.89
655,0.42
656,0.57
657,0.49
658,0.19
659,0.41
660,0.92
661,0.53
662,0.53
663,0.49
664,0.40
665,0.43
666,0.47
667,0.91
668,0.45
669,0.88
670,0.42
671,0.55
672,0.92
673,0.61
674,0.49
675,0.92
676,0.23
677,0.20
678,0.23
679,0.46
680,0.92
681,0.89
682,0.49
683,0.38
684,0.54
685,0.53
686,0.54
687,0.52
688,0.38
689,0.22
690,0.46
691,0.73
692,0.52
693,0.48
694,0.49
695,0.42
696,0.60
697,0.52
698,0.54
699,0.42
700,0.30
701,0.36
702,0.49
703,0.43
704,0.37
705,0.42
706,0.34
707,0.25
708,0.39
709,0.21
710,0.92
711,0.41
712,0.50
713,0.45
714,0.48
715,0.39
716,0.30
717,0.39
718,0.42
719,0.53
720,0.21
721,0.48
722,0.20
723,0.53
724,0.37
725,0.56
726,0.42
727,0.44
728,0.48
729,0.32
730,0.45
731,0.28
732,0.41
733,0.91
734,0.25
735,0.41
736,0.52
737,0.24
738,0.45
739,0.37
740,0.53
741,0.27
742,0.43
743,0.35
744,0.87
745,0.42
746,0.38
747,0.44
748,0.27
749,0.52
750,0.53
751,0.49
752,0.44
753,0.90
754,0.48
755,0.35
756,0.37
757,0.62
758,0.23
759,0.55
760,0.21
761,0.53
762,0.45
763,0.39
764,0.38
765,0.21
766,0.51
767,0.38
768,0.22
769,0.52
770,0.57
771,0.60
772,0.42
773,0.49
774,0.46
775,0.26
776,0.55
777,0.42
778,0.52
779,0.58
780,0.44
781,0.52
782,0.56
783,0.46
784,0.51
785,0.24
786,0.44
787,0.47
788,0.88
789,0.27
790,0.21
791,0.42
792,0.43
793,0.24
794,0.46
795,0.25
796,0.20
797,0.52
798,0.39
799,0.92
800,0.55
801,0.57
802,0.44
803,0.87
804,0.36
805,0.38
806,0.21
807,0.57
808,0.28
809,0.22
810,0.44
811,0.45
812,0.89
813,0.21
814,0.43
815,0.30
816,0.88
817,0.40
818,0.22
819,0.50
820,0.51
821,0.22
822,0.86
823,0.41
824,0.36
825,0.21
826,0.52
827,0.58
828,0.89
829,0.55
830,0.33
831,0.37
832,0.42
833,0.54
834,0.46
835,0.41
836,0.57
837,0.51
838,0.53
839,0.47
840,0.21
841,0.44
842,0.39
843,0.50
844,0.42
845,0.50
846,0.57
847,0.21
848,0.38
849,0.47
850,0.22
851,0.53
852,0.22
853,0.41
854,0.56
855,0.90
856,0.38
857,0.43
858,0.44
859,0.53
860,0.51
861,0.20
862,0.61
863,0.50
864,0.54
865,0.49
866,0.42
867,0.27
868,0.54
869,0.38
870,0.20
871,0.58
872,0.87
873,0.92
874,0.21
875,0.21
876,0.44
877,0.42
878,0.47
879,0.59
880,0.54
881,0.42
882,0.42
883,0.41
884,0.42
885,0.42
886,0.92
887,0.43
888,0.55
889,0.42
890,0.77
891,0.43
892,0.55
893,0.47
894,0.92
895,0.56
896,0.44
897,0.37
898,0.25
899,0.21
900,0.49
901,0.47
902,0.40
903,0.43
904,0.92
905,0.92
906,0.45
907,0.54
908,0.34
909,0.37
910,0.86
911,0.61
912,0.35
913,0.36
914,0.35
915,0.49
916,0.47
917,0.92
918,0.37
919,0.58
920,0.52
921,0.48
922,0.24
923,0.56
924,0.24
925,0.45
926,0.46
927,0.92
928,0.22
929,0.87
930,0.47
931,0.41
932,0.38
933,0.47
934,0.50
935,0.40
936,0.48
937,0.38
938,0.55
939,0.53
940,0.54
941,0.21
942,0.47
943,0.48
944,0.46
945,0.38
946,0.41
947,0.91
948,0.21
949,0.22
950,0.57
951,0.72
952,0.37
953,0.52
954,0.41
955,0.41
956,0.54
957,0.54
958,0.58
959,0.20
960,0.39
961,0.46
962,0.57
963,0.88
964,0.44
965,0.42
966,0.43
967,0.74
968,0.37
969,0.48
970,0.43
971,0.31
972,0.55
973,0.20
974,0.62
975,0.58
976,0.54
977,0.58
978,0.36
979,0.57
980,0.51
981,0.51
982,0.44
983,0.49
984,0.41
985,0.53
986,0.25
987,0.48
988,0.51
989,0.39
990,0.30
991,0.20
992,0.48
993,0.49
994,0.30
995,0.45
996,0.54
997,0.44
998,0.35
999,0.57
1000,0.44
1001,0.40
1002,0.43
1003,0.53
1004,0.92
1005,0.21
1006,0.37
1007,0.92
1008,0.44
1009,0.39
1010,0.52
1011,0.43
1012,0.49
1013,0.45
1014,0.21
1015,0.51
1016,0.54
1017,0.51
1018,0.53
1019,0.58
1020,0.27
1021,0.56
1022,0.48
1023,0.54
1024,0.54
1025,0.33
1026,0.92
1027,0.59
1028,0.92
1029,0.49
1030,0.20
1031,0.89
1032,0.53
1033,0.48
1034,0.55
1035,0.89
1036,0.51
1037,0.51
1038,0.52
1039,0.56
1040,0.57
1041,0.60
1042,0.92
1043,0.46
1044,0.44
1045,0.60
1046,0.40
1047,0.42
1048,0.41
1049,0.35
1050,0.45
1051,0.76
1052,0.57
1053,0.33
1054,0.21
1055,0.92
1056,0.22
1057,0.41
1058,0.57
1059,0.55
1060,0.26
1061,0.43
1062,0.52
1063,0.46
1064,0.92
1065,0.57
1066,0.92
1067,0.42
1068,0.21
1069,0.46
1070,0.76
1071,0.37
1072,0.56
1073,0.61
1074,0.21
1075,0.29
1076,0.39
1077,0.47
1078,0.28
1079,0.35
1080,0.21
1081,0.39
1082,0.51
1083,0.92
1084,0.55
1085,0.56
1086,0.46
1087,0.50
1088,0.51
1089,0.42
1090,0.44
1091,0.47
1092,0.35
1093,0.49
1094,0.46
1095,0.46
1096,0.47
1097,0.52
1098,0.55
1099,0.46
1100,0.57
1101,0.36
1102,0.53
1103,0.45
1104,0.45
1105,0.53
1106,0.39
1107,0.57
1108,0.43
1109,0.25
1110,0.51
1111,0.36
1112,0.39
1113,0.58
1114,0.89
1115,0.52
1116,0.52
1117,0.49
1118,0.92
1119,0.58
1120,0.89
1121,0.41
1122,0.40
1123,0.72
1124,0.89
1125,0.27
1126,0.41
1127,0.47
1128,0.54
1129,0.21
1130,0.48
1131,0.52
1132,0.48
1133,0.51
1134,0.42
1135,0.40
1136,0.44
1137,0.39
1138,0.56
1139,0.48
1140,0.89
1141,0.21
1142,0.28
1143,0.57
1144,0.55
1145,0.37
1146,0.46
1147,0.21
1148,0.92
1149,0.91
1150,0.47
1151,0.37
1152,0.92
1153,0.20
1154,0.20
1155,0.21
1156,0.22
1157,0.43
1158,0.44
1159,0.72
1160,0.49
1161,0.41
1162,0.48
1163,0.58
1164,0.31
1165,0.92
1166,0.51
1167,0.47
1168,0.56
1169,0.59
1170,0.47
1171,0.51
1172,0.90
1173,0.22
1174,0.92
1175,0.59
1176,0.61
1177,0.40
1178,0.41
1179,0.49
1180,0.37
1181,0.39
1182,0.38
1183,0.46
1184,0.45
1185,0.50
1186,0.92
1187,0.56
1188,0.42
1189,0.50
1190,0.47
1191,0.92
1192,0.49
1193,0.56
1194,0.49
1195,0.54
1196,0.42
1197,0.38
1198,0.39
1199,0.92
1200,0.46
1201,0.45
1202,0.42
1203,0.92
1204,0.49
1205,0.53
1206,0.27
1207,0.45
1208,0.37
1209,0.31
1210,0.50
1211,0.60
1212,0.26
1213,0.58
1214,0.37
1215,0.57
1216,0.57
1217,0.34
1218,0.36
1219,0.45
1220,0.22
1221,0.91
1222,0.58
1223,0.58
1224,0.52
1225,0.42
1226,0.50
1227,0.29
1228,0.57
1229,0.53
1230,0.46
1231,0.49
1232,0.46
1233,0.20
1234,0.40
1235,0.43
1236,0.57
1237,0.50
1238,0.55
1239,0.21
1240,0.47
1241,0.21
1242,0.53
1243,0.58
1244,0.20
1245,0.46
1246,0.50
1247,0.22
1248,0.56
1249,0.36
1250,0.51
1251,0.73
1252,0.54
1253,0.48
1254,0.52
1255,0.55
1256,0.92
1257,0.89
1258,0.57
1259,0.45
1260,0.32
1261,0.43
1262,0.38
1263,0.74
1264,0.54
1265,0.55
1266,0.54
1267,0.49
1268,0.49
1269,0.41
1270,0.26
1271,0.45
1272,0.73
1273,0.92
1274,0.55
1275,0.44
1276,0.49
1277,0.42
1278,0.50
1279,0.87
1280,0.41
1281,0.43
1282,0.55
1283,0.54
1284,0.58
1285,0.89
1286,0.88
1287,0.58
1288,0.59
1289,0.50
1290,0.52
1291,0.92
1292,0.34
1293,0.92
1294,0.26
1295,0.38
1296,0.52
1297,0.56
1298,0.39
1299,0.72
1300,0.38
1301,0.56
1302,0.22
1303,0.46
1304,0.35
1305,0.41
1306,0.91
1307,0.53
1308,0.47
1309,0.33
1310,0.42
1311,0.51
1312,0.28
1313,0.40
1314,0.20
1315,0.92
1316,0.39
1317,0.20
1318,0.55
1319,0.42
1320,0.44
1321,0.50
1322,0.21
1323,0.54
1324,0.44
1325,0.62
1326,0.53
1327,0.37
1328,0.89
1329,0.45
1330,0.42
1331,0.49
1332,0.89
1333,0.42
1334,0.55
1335,0.60
1336,0.45
1337,0.42
1338,0.55
1339,0.92
1340,0.58
1341,0.23
1342,0.42
1343,0.42
1344,0.49
1345,0.92
1346,0.40
1347,0.42
1348,0.22
1349,0.56
1350,0.50
1351,0.22
1352,0.23
1353,0.44
1354,0.50
1355,0.55
1356,0.32
1357,0.42
1358,0.61
1359,0.40
1360,0.39
1361,0.45
1362,0.91
1363,0.40
1364,0.47
1365,0.49
1366,0.53
1367,0.89
1368,0.74
1369,0.52
1370,0.88
1371,0.36
1372,0.50
1373,0.33
1374,0.21
1375,0.92
1376,0.58
1377,0.22
1378,0.45
1379,0.55
1380,0.52
1381,0.47
1382,0.34
1383,0.43
1384,0.59
1385,0.53
1386,0.55
1387,0.45
1388,0.73
1389,0.45
1390,0.43
1391,0.46
1392,0.38
1393,0.57
1394,0.91
1395,0.44
1396,0.57
1397,0.21
1398,0.50
1399,0.74
1400,0.48
1401,0.39
1402,0.50
1403,0.22
1404,0.31
1405,0.22
1406,0.41
1407,0.42
1408,0.52
1409,0.59
1410,0.92
1411,0.48
1412,0.92
1413,0.46
1414,0.59
1415,0.29
1416,0.53
1417,0.42
1418,0.48
1419,0.40
1420,0.55
1421,0.35
1422,0.54
1423,0.44
1424,0.40
1425,0.54
1426,0.53
1427,0.48
1428,0.57
1429,0.21
1430,0.56
1431,0.54
1432,0.60
1433,0.55
1434,0.56
1435,0.29
1436,0.43
1437,0.49
1438,0.20
1439,0.57
1440,0.43
1441,0.44
1442,0.39
1443,0.43
1444,0.55
1445,0.37
1446,0.25
1447,0.20
1448,0.22
1449,0.23
1450,0.49
1451,0.60
1452,0.85
1453,0.89
1454,0.22
1455,0.53
1456,0.49
1457,0.51
1458,0.20
1459,0.44
1460,0.39
1461,0.21
1462,0.49
1463,0.20
1464,0.61
1465,0.27
1466,0.73
1467,0.31
1468,0.55
1469,0.55
1470,0.48
1471,0.55
1472,0.20
1473,0.20
1474,0.41
1475,0.87
1476,0.37
1477,0.41
1478,0.20
1479,0.43
1480,0.76
1481,0.54
1482,0.42
1483,0.62
1484,0.60
1485,0.46
1486,0.43
1487,0.92
1488,0.21
1489,0.59
1490,0.22
1491,0.47
1492,0.54
1493,0.43
1494,0.62
1495,0.92
1496,0.50
1497,0.52
1498,0.21
1499,0.21
1500,0.20
1501,0.50
1502,0.38
1503,0.72
1504,0.74
1505,0.88
1506,0.54
1507,0.27
1508,0.56
1509,0.42
1510,0.53
1511,0.50
1512,0.35
1513,0.35
1514,0.21
1515,0.46
1516,0.47
1517,0.22
1518,0.57
1519,0.27
1520,0.21
1521,0.21
1522,0.35
1523,0.22
1524,0.41
1525,0.57
1526,0.21
1527,0.20
1528,0.58
1529,0.60
1530,0.39
1531,0.92
1532,0.71
1533,0.59
1534,0.58
1535,0.56
1536,0.42
1537,0.56
1538,0.92
1539,0.58
1540,0.43
1541,0.92
1542,0.54
1543,0.35
1544,0.46
1545,0.45
1546,0.52
1547,0.46
1548,0.49
1549,0.57
1550,0.34
1551,0.39
1552,0.50
1553,0.40
1554,0.50
1555,0.20
1556,0.45
1557,0.92
1558,0.48
1559,0.41
1560,0.92
1561,0.55
1562,0.34
1563,0.27
1564,0.89
1565,0.90
1566,0.40
1567,0.56
1568,0.45
1569,0.92
1570,0.57
1571,0.86
1572,0.91
1573,0.22
1574,0.31
1575,0.42
1576,0.87
1577,0.92
1578,0.92
1579,0.45
1580,0.27
1581,0.41
1582,0.40
1583,0.45
1584,0.24
1585,0.47
1586,0.24
1587,0.52
1588,0.54
1589,0.89
1590,0.46
1591,0.89
1592,0.53
1593,0.41
1594,0.40
1595,0.22
1596,0.59
1597,0.55
1598,0.75
1599,0.38
1600,0.23
1601,0.50
1602,0.49
1603,0.57
1604,0.49
1605,0.25
1606,0.38
1607,0.44
1608,0.54
1609,0.41
1610,0.53
1611,0.40
1612,0.37
1613,0.21
1614,0.89
1615,0.91
1616,0.22
1617,0.54
1618,0.55
1619,0.47
1620,0.92
1621,0.57
1622,0.89
1623,0.48
1624,0.62
1625,0.46
1626,0.51
1627,0.59
1628,0.49
1629,0.20
1630,0.51
1631,0.52
1632,0.40
1633,0.39
1634,0.45
1635,0.47
1636,0.90
1637,0.51
1638,0.48
1639,0.22
1640,0.21
1641,0.21
1642,0.92
1643,0.74
1644,0.44
1645,0.44
1646,0.23
1647,0.89
1648,0.44
1649,0.21
1650,0.43
1651,0.36
1652,0.22
1653,0.92
1654,0.20
1655,0.55
1656,0.35
1657,0.45
1658,0.46
1659,0.57
1660,0.58
1661,0.22
1662,0.48
1663,0.52
1664,0.46
1665,0.87
1666,0.43
1667,0.58
1668,0.20
1669,0.61
1670,0.51
1671,0.92
1672,0.43
1673,0.49
1674,0.21
1675,0.21
1676,0.41
1677,0.58
1678,0.46
1679,0.89
1680,0.55
1681,0.74
1682,0.87
1683,0.41
1684,0.43
1685,0.49
1686,0.53
1687,0.58
1688,0.24
1689,0.49
1690,0.27
1691,0.51
1692,0.44
1693,0.21
1694,0.53
1695,0.53
1696,0.62
1697,0.92
1698,0.37
1699,0.45
1700,0.44
1701,0.59
1702,0.53
1703,0.92
1704,0.45
1705,0.49
1706,0.91
1707,0.41
1708,0.58
1709,0.47
1710,0.21
1711,0.41
1712,0.52
1713,0.49
1714,0.49
1715,0.92
1716,0.75
1717,0.48
1718,0.24
1719,0.38
1720,0.37
1721,0.56
1722,0.42
1723,0.40
1724,0.50
1725,0.40
1726,0.89
1727,0.46
1728,0.45
1729,0.89
1730,0.37
1731,0.43
1732,0.58
1733,0.48
1734,0.48
1735,0.44
1736,0.39
1737,0.22
1738,0.91
1739,0.44
1740,0.90
1741,0.53
1742,0.45
1743,0.36
1744,0.39
1745,0.49
1746,0.49
1747,0.40
1748,0.43
1749,0.45
1750,0.59
1751,0.38
1752,0.44
1753,0.54
1754,0.89
1755,0.27
1756,0.37
1757,0.89
1758,0.56
1759,0.59
1760,0.47
1761,0.53
1762,0.47
1763,0.52
1764,0.44
1765,0.46
1766,0.48
1767,0.91
1768,0.39
1769,0.44
1770,0.40
1771,0.48
1772,0.43
1773,0.41
1774,0.46
1775,0.51
1776,0.50
1777,0.48
1778,0.53
1779,0.42
1780,0.92
1781,0.56
1782,0.45
1783,0.46
1784,0.24
1785,0.49
1786,0.49
1787,0.91
1788,0.59
1789,0.48
1790,0.58
1791,0.27
1792,0.49
1793,0.55
1794,0.43
1795,0.22
1796,0.38
1797,0.54
1798,0.21
1799,0.51
1800,0.92
1801,0.52
1802,0.47
1803,0.21
1804,0.38
1805,0.49
1806,0.92
1807,0.59
1808,0.46
1809,0.53
1810,0.59
1811,0.41
1812,0.26
1813,0.56
1814,0.49
1815,0.49
1816,0.34
1817,0.57
1818,0.53
1819,0.44
1820,0.47
1821,0.45
1822,0.74
1823,0.27
1824,0.42
1825,0.56
1826,0.44
1827,0.20
1828,0.23
1829,0.55
1830,0.50
1831,0.52
1832,0.21
1833,0.92
1834,0.49
1835,0.36
1836,0.56
1837,0.45
1838,0.46
1839,0.20
1840,0.39
1841,0.49
1842,0.42
1843,0.21
1844,0.51
1845,0.45
1846,0.86
1847,0.44
1848,0.54
1849,0.37
1850,0.46
1851,0.44
1852,0.43
1853,0.53
1854,0.46
1855,0.42
1856,0.57
1857,0.34
1858,0.36
1859,0.49
1860,0.28
1861,0.54
1862,0.89
1863,0.23
1864,0.43
1865,0.48
1866,0.55
1867,0.54
1868,0.42
1869,0.50
1870,0.31
1871,0.55
1872,0.52
1873,0.57
1874,0.39
1875,0.48
1876,0.92
1877,0.54
1878,0.43
1879,0.73
1880,0.90
1881,0.89
1882,0.57
1883,0.35
1884,0.60
1885,0.21
1886,0.39
1887,0.21
1888,0.43
1889,0.57
1890,0.41
1891,0.55
1892,0.92
1893,0.51
1894,0.21
1895,0.54
1896,0.41
1897,0.45
1898,0.42
1899,0.89
1900,0.39
1901,0.40
1902,0.90
1903,0.73
1904,0.45
1905,0.61
1906,0.56
1907,0.92
1908,0.57
1909,0.51
1910,0.42
1911,0.47
1912,0.89
1913,0.53
1914,0.32
1915,0.40
1916,0.46
1917,0.58
1918,0.36
1919,0.89
1920,0.38
1921,0.92
1922,0.47
1923,0.38
1924,0.92
1925,0.38
1926,0.47
1927,0.50
1928,0.41
1929,0.41
1930,0.22
1931,0.43
1932,0.42
1933,0.51
1934,0.54
1935,0.52
1936,0.54
1937,0.39
1938,0.54
1939,0.46
1940,0.54
1941,0.49
1942,0.53
1943,0.60
1944,0.92
1945,0.39
1946,0.54
1947,0.37
1948,0.48
1949,0.90
1950,0.42
1951,0.51
1952,0.49
1953,0.75
1954,0.53
1955,0.55
1956,0.58
1957,0.58
1958,0.43
1959,0.43
1960,0.22
1961,0.92
1962,0.54
1963,0.52
1964,0.59
1965,0.48
1966,0.38
1967,0.50
1968,0.33
1969,0.26
1970,0.91
1971,0.56
1972,0.92
1973,0.40
1974,0.52
1975,0.45
1976,0.41
1977,0.42
1978,0.50
1979,0.58
1980,0.45
1981,0.53
1982,0.41
1983,0.35
1984,0.44
1985,0.46
1986,0.91
1987,0.45
1988,0.54
1989,0.47
1990,0.57
1991,0.48
1992,0.60
1993,0.42
1994,0.57
1995,0.42
1996,0.53
1997,0.49
1998,0.48
1999,0.41
2000,0.59
2001,0.22
2002,0.44
2003,0.44
2004,0.92
2005,0.89
2006,0.53
2007,0.55
2008,0.40
2009,0.55
2010,0.92
2011,0.54
2012,0.44
2013,0.47
2014,0.57
2015,0.76
2016,0.53
2017,0.38
2018,0.27
2019,0.39
2020,0.34
2021,0.57
2022,0.37
2023,0.24
2024,0.43
2025,0.46
2026,0.49
2027,0.90
2028,0.48
2029,0.92
2030,0.20
2031,0.58
2032,0.40
2033,0.36
2034,0.54
2035,0.52
2036,0.54
2037,0.36
2038,0.55
2039,0.48
2040,0.21
2041,0.37
2042,0.52
2043,0.45
2044,0.50
2045,0.42
2046,0.76
2047,0.22
2048,0.51
2049,0.43
2050,0.37
2051,0.40
2052,0.56
2053,0.54
2054,0.39
2055,0.43
2056,0.54
2057,0.42
2058,0.36
2059,0.53
2060,0.42
2061,0.46
2062,0.37
2063,0.44
2064,0.41
2065,0.92
2066,0.27
2067,0.53
2068,0.37
2069,0.25
2070,0.57
2071,0.48
2072,0.23
2073,0.38
2074,0.42
2075,0.60
2076,0.49
2077,0.41
2078,0.57
2079,0.44
2080,0.47
2081,0.89
2082,0.41
2083,0.37
2084,0.57
2085,0.38
2086,0.43
2087,0.92
2088,0.52
2089,0.52
2090,0.54
2091,0.55
2092,0.45
2093,0.47
2094,0.38
2095,0.36
2096,0.44
2097,0.22
2098,0.20
2099,0.53
2100,0.34
2101,0.43
2102,0.40
2103,0.55
2104,0.28
2105,0.89
2106,0.76
2107,0.91
2108,0.39
2109,0.47
2110,0.74
2111,0.52
2112,0.24
2113,0.38
2114,0.21
2115,0.90
2116,0.21
2117,0.60
2118,0.28
2119,0.31
2120,0.60
2121,0.37
2122,0.50
2123,0.40
2124,0.74
2125,0.54
2126,0.56
2127,0.59
2128,0.50
2129,0.52
2130,0.58
2131,0.37
2132,0.47
2133,0.89
2134,0.92
2135,0.56
2136,0.26
2137,0.89
2138,0.58
2139,0.40
2140,0.21
2141,0.91
2142,0.41
2143,0.87
2144,0.43
2145,0.52
2146,0.56
2147,0.53
2148,0.52
2149,0.20
2150,0.30
2151,0.49
2152,0.55
2153,0.50
2154,0.86
2155,0.74
2156,0.49
2157,0.55
2158,0.50
2159,0.49
2160,0.53
2161,0.51
2162,0.22
2163,0.22
2164,0.46
2165,0.48
2166,0.75
2167,0.52
2168,0.89
2169,0.50
2170,0.40
2171,0.51
2172,0.36
2173,0.52
2174,0.21
2175,0.45
2176,0.47
2177,0.56
2178,0.51
2179,0.52
2180,0.46
2181,0.45
2182,0.92
2183,0.53
2184,0.21
2185,0.56
2186,0.52
2187,0.22
2188,0.46
2189,0.46
2190,0.30
2191,0.24
2192,0.37
2193,0.92
2194,0.42
2195,0.51
2196,0.77
2197,0.21
2198,0.51
2199,0.37
2200,0.45
2201,0.52
2202,0.90
2203,0.89
2204,0.54
2205,0.26
2206,0.26
2207,0.42
2208,0.26
2209,0.34
2210,0.92
2211,0.22
2212,0.55
2213,0.52
2214,0.21
2215,0.48
2216,0.21
2217,0.92
2218,0.44
2219,0.48
2220,0.49
2221,0.57
2222,0.58
2223,0.42
2224,0.30
2225,0.60
2226,0.48
2227,0.45
2228,0.39
2229,0.45
2230,0.57
2231,0.53
2232,0.89
2233,0.48
2234,0.45
2235,0.51
2236,0.40
2237,0.47
2238,0.37
2239,0.37
2240,0.58
2241,0.48
2242,0.56
2243,0.91
2244,0.20
2245,0.72
2246,0.48
2247,0.39
2248,0.27
2249,0.22
2250,0.92
2251,0.45
2252,0.45
2253,0.38
2254,0.20
2255,0.89
2256,0.20
2257,0.46
2258,0.39
2259,0.30
2260,0.89
2261,0.92
2262,0.48
2263,0.42
2264,0.21
2265,0.22
2266,0.60
2267,0.37
2268,0.91
2269,0.47
2270,0.20
2271,0.47
2272,0.51
2273,0.39
2274,0.27
2275,0.87
2276,0.44
2277,0.35
2278,0.44
2279,0.27
2280,0.56
2281,0.42
2282,0.31
2283,0.50
2284,0.56
2285,0.59
2286,0.58
2287,0.20
2288,0.55
2289,0.55
2290,0.92
2291,0.41
2292,0.91
2293,0.92
2294,0.58
2295,0.74
2296,0.54
2297,0.43
2298,0.48
2299,0.21
2300,0.90
2301,0.40
2302,0.21
2303,0.46
2304,0.29
2305,0.57
2306,0.36
2307,0.46
2308,0.54
2309,0.56
2310,0.52
2311,0.59
2312,0.46
2313,0.40
2314,0.44
2315,0.49
2316,0.71
2317,0.85
2318,0.52
2319,0.44
2320,0.47
2321,0.72
2322,0.24
2323,0.38
2324,0.48
2325,0.43
2326,0.34
2327,0.38
2328,0.36
2329,0.22
2330,0.54
2331,0.43
2332,0.44
2333,0.90
2334,0.36
2335,0.41
2336,0.91
2337,0.41
2338,0.55
2339,0.58
2340,0.41
2341,0.51
2342,0.35
2343,0.90
2344,0.43
2345,0.40
2346,0.58
2347,0.54
2348,0.22
2349,0.50
2350,0.46
2351,0.92
2352,0.55
2353,0.20
2354,0.57
2355,0.44
2356,0.27
2357,0.90
2358,0.44
2359,0.21
2360,0.38
2361,0.92
2362,0.56
2363,0.92
2364,0.54
2365,0.57
2366,0.50
2367,0.23
2368,0.54
2369,0.45
2370,0.55
2371,0.50
2372,0.46
2373,0.46
2374,0.37
2375,0.53
2376,0.46
2377,0.43
2378,0.45
2379,0.55
2380,0.45
2381,0.20
2382,0.47
2383,0.47
2384,0.57
2385,0.89
2386,0.48
2387,0.92
2388,0.38
2389,0.89
2390,0.60
2391,0.49
2392,0.90
2393,0.41
2394,0.23
2395,0.49
2396,0.41
2397,0.49
2398,0.90
2399,0.36
2400,0.52
2401,0.42
2402,0.47
2403,0.34
2404,0.24
2405,0.53
2406,0.45
2407,0.20
2408,0.92
2409,0.31
2410,0.55
2411,0.51
2412,0.86
2413,0.58
2414,0.45
2415,0.36
2416,0.53
2417,0.42
2418,0.58
2419,0.91
2420,0.45
2421,0.92
2422,0.55
2423,0.50
2424,0.74
2425,0.56
2426,0.36
2427,0.46
2428,0.31
2429,0.50
2430,0.41
2431,0.50
2432,0.73
2433,0.89
2434,0.48
2435,0.45
2436,0.21
2437,0.39
2438,0.39
2439,0.37
2440,0.36
2441,0.23
2442,0.40
2443,0.56
2444,0.34
2445,0.37
2446,0.20
2447,0.55
2448,0.55
2449,0.54
2450,0.46
2451,0.34
2452,0.44
2453,0.46
2454,0.36
2455,0.54
2456,0.89
2457,0.50
2458,0.41
2459,0.47
2460,0.89
2461,0.92
2462,0.38
2463,0.89
2464,0.74
2465,0.48
2466,0.35
2467,0.89
2468,0.56
2469,0.19
2470,0.42
2471,0.54
2472,0.20
2473,0.45
2474,0.48
2475,0.52
2476,0.61
2477,0.59
2478,0.22
2479,0.92
2480,0.48
2481,0.52
2482,0.90
2483,0.51
2484,0.54
2485,0.42
2486,0.53
2487,0.50
2488,0.59
2489,0.60
2490,0.55
2491,0.52
2492,0.39
2493,0.48
2494,0.58
2495,0.41
2496,0.52
2497,0.44
2498,0.89
2499,0.39
2500,0.60
2501,0.41
2502,0.28
2503,0.22
2504,0.49
2505,0.61
2506,0.49
2507,0.42
2508,0.52
2509,0.22
2510,0.54
2511,0.48
2512,0.36
2513,0.92
2514,0.92
2515,0.58
2516,0.92
2517,0.21
2518,0.44
2519,0.20
2520,0.55
2521,0.38
2522,0.37
2523,0.58
2524,0.45
2525,0.50
2526,0.21
2527,0.49
2528,0.37
2529,0.52
2530,0.53
2531,0.58
2532,0.49
2533,0.41
2534,0.53
2535,0.21
2536,0.42
2537,0.52
2538,0.59
2539,0.41
2540,0.44
2541,0.92
2542,0.32
2543,0.53
2544,0.54
2545,0.59
2546,0.22
2547,0.60
2548,0.53
2549,0.50
2550,0.90
2551,0.54
2552,0.47
2553,0.89
2554,0.43
2555,0.51
2556,0.22
2557,0.45
2558,0.46
2559,0.38
2560,0.44
2561,0.22
2562,0.90
2563,0.89
2564,0.35
2565,0.45
2566,0.44
2567,0.54
2568,0.60
2569,0.91
2570,0.43
2571,0.25
2572,0.59
2573,0.89
2574,0.49
2575,0.53
2576,0.27
2577,0.22
2578,0.58
2579,0.51
2580,0.47
2581,0.55
2582,0.48
2583,0.48
2584,0.40
2585,0.44
2586,0.49
2587,0.49
2588,0.21
2589,0.52
2590,0.43
2591,0.55
2592,0.73
2593,0.43
2594,0.46
2595,0.52
2596,0.34
2597,0.42
2598,0.42
2599,0.37
2600,0.56
2601,0.38
2602,0.55
2603,0.55
2604,0.38
2605,0.42
2606,0.89
2607,0.53
2608,0.49
2609,0.49
2610,0.24
2611,0.34
2612,0.44
2613,0.44
2614,0.21
2615,0.56
2616,0.55
2617,0.92
2618,0.48
2619,0.22
2620,0.50
2621,0.42
2622,0.89
2623,0.59
2624,0.37
2625,0.31
2626,0.88
2627,0.92
2628,0.41
2629,0.46
2630,0.57
2631,0.44
2632,0.38
2633,0.90
2634,0.21
2635,0.35
2636,0.39
2637,0.20
2638,0.34
2639,0.53
2640,0.60
2641,0.54
2642,0.54
2643,0.57
2644,0.40
2645,0.47
2646,0.33
2647,0.54
2648,0.55
2649,0.57
2650,0.47
2651,0.40
2652,0.50
2653,0.22
2654,0.59
2655,0.54
2656,0.73
2657,0.92
2658,0.57
2659,0.19
2660,0.52
2661,0.52
2662,0.92
2663,0.52
2664,0.43
2665,0.61
2666,0.55
2667,0.36
2668,0.57
2669,0.20
2670,0.51
2671,0.92
2672,0.40
2673,0.42
2674,0.47
2675,0.19
2676,0.32
2677,0.50
2678,0.89
2679,0.58
2680,0.55
2681,0.90
2682,0.43
2683,0.89
2684,0.51
2685,0.20
2686,0.59
2687,0.60
2688,0.36
2689,0.49
2690,0.39
2691,0.22
2692,0.57
2693,0.21
2694,0.50
2695,0.44
2696,0.46
2697,0.55
2698,0.50
2699,0.57
2700,0.52
2701,0.37
2702,0.46
2703,0.60
2704,0.44
2705,0.49
2706,0.92
2707,0.43
2708,0.44
2709,0.57
2710,0.84
2711,0.45
2712,0.89
2713,0.55
2714,0.25
2715,0.29
2716,0.37
2717,0.28
2718,0.44
2719,0.43
2720,0.57
2721,0.92
2722,0.51
2723,0.54
2724,0.61
2725,0.21
2726,0.52
2727,0.57
2728,0.55
2729,0.57
2730,0.44
2731,0.51
2732,0.63
2733,0.20
2734,0.42
2735,0.49
2736,0.57
2737,0.40
2738,0.60
2739,0.43
2740,0.53
2741,0.89
2742,0.90
2743,0.89
2744,0.21
2745,0.57
2746,0.39
2747,0.38
2748,0.60
2749,0.41
2750,0.48
2751,0.41
2752,0.23
2753,0.57
2754,0.89
2755,0.92
2756,0.30
2757,0.45
2758,0.92
2759,0.58
2760,0.52
2761,0.21
2762,0.56
2763,0.35
2764,0.48
2765,0.42
2766,0.38
2767,0.74
2768,0.39
2769,0.38
2770,0.41
2771,0.72
2772,0.44
2773,0.49
2774,0.23
2775,0.21
2776,0.88
2777,0.89
2778,0.28
2779,0.21
2780,0.46
2781,0.55
2782,0.31
2783,0.50
2784,0.89
2785,0.45
2786,0.90
2787,0.52
2788,0.21
2789,0.74
2790,0.44
2791,0.56
2792,0.91
2793,0.49
2794,0.47
2795,0.37
2796,0.23
2797,0.41
2798,0.51
2799,0.47
2800,0.21
2801,0.24
2802,0.41
2803,0.48
2804,0.23
2805,0.73
2806,0.21
2807,0.44
2808,0.56
2809,0.50
2810,0.20
2811,0.26
2812,0.41
2813,0.48
2814,0.57
2815,0.74
2816,0.54
2817,0.21
2818,0.37
2819,0.37
2820,0.92
2821,0.56
2822,0.37
2823,0.23
2824,0.56
2825,0.23
2826,0.92
2827,0.24
2828,0.43
2829,0.48
2830,0.45
2831,0.59
2832,0.55
2833,0.44
2834,0.92
2835,0.57
2836,0.24
2837,0.89
2838,0.46
2839,0.47
2840,0.56
2841,0.22
2842,0.60
2843,0.58
2844,0.34
2845,0.74
2846,0.46
2847,0.46
2848,0.50
2849,0.54
2850,0.52
2851,0.27
2852,0.21
2853,0.54
2854,0.59
2855,0.45
2856,0.22
2857,0.89
2858,0.46
2859,0.52
2860,0.52
2861,0.37
2862,0.58
2863,0.37
2864,0.58
2865,0.33
2866,0.41
2867,0.41
2868,0.44
2869,0.57
2870,0.35
2871,0.22
2872,0.50
2873,0.55
2874,0.45
2875,0.55
2876,0.20
2877,0.40
2878,0.46
2879,0.43
2880,0.89
2881,0.51
2882,0.91
2883,0.87
2884,0.90
2885,0.43
2886,0.49
2887,0.55
2888,0.44
2889,0.59
2890,0.53
2891,0.57
2892,0.26
2893,0.47
2894,0.40
2895,0.56
2896,0.90
2897,0.20
2898,0.90
2899,0.49
2900,0.47
2901,0.44
2902,0.92
2903,0.92
2904,0.22
2905,0.44
2906,0.48
2907,0.53
2908,0.38
2909,0.21
2910,0.92
2911,0.54
2912,0.35
2913,0.44
2914,0.40
2915,0.88
2916,0.37
2917,0.22
2918,0.62
2919,0.46
2920,0.40
2921,0.91
2922,0.54
2923,0.42
2924,0.73
2925,0.56
2926,0.37
2927,0.54
2928,0.57
2929,0.47
2930,0.42
2931,0.55
2932,0.48
2933,0.57
2934,0.52
2935,0.58
2936,0.55
2937,0.41
2938,0.85
2939,0.28
2940,0.42
2941,0.36
2942,0.51
2943,0.55
2944,0.46
2945,0.22
2946,0.48
2947,0.51
2948,0.92
2949,0.90
2950,0.22
2951,0.46
2952,0.53
2953,0.51
2954,0.92
2955,0.43
2956,0.47
2957,0.91
2958,0.35
2959,0.30
2960,0.53
2961,0.53
2962,0.49
2963,0.53
2964,0.39
2965,0.39
2966,0.54
2967,0.52
2968,0.24
2969,0.58
2970,0.21
2971,0.44
2972,0.20
2973,0.90
2974,0.57
2975,0.26
2976,0.59
2977,0.45
2978,0.51
2979,0.42
2980,0.51
2981,0.51
2982,0.37
2983,0.36
2984,0.43
2985,0.47
2986,0.58
2987,0.21
2988,0.48
2989,0.36
2990,0.57
2991,0.50
2992,0.89
2993,0.46
2994,0.53
2995,0.59
2996,0.35
2997,0.56
2998,0.46
2999,0.47
3000,0.20
3001,0.45
3002,0.56
3003,0.90
3004,0.89
3005,0.43
3006,0.37
3007,0.43
3008,0.41
3009,0.41
3010,0.53
3011,0.46
3012,0.43
3013,0.43
3014,0.57
3015,0.50
3016,0.37
3017,0.43
3018,0.55
3019,0.55
3020,0.59
3021,0.43
3022,0.44
3023,0.37
3024,0.48
3025,0.46
3026,0.44
3027,0.51
3028,0.55
3029,0.36
3030,0.48
3031,0.87
3032,0.54
3033,0.22
3034,0.36
3035,0.55
3036,0.45
3037,0.36
3038,0.42
3039,0.48
3040,0.54
3041,0.21
3042,0.35
3043,0.38
3044,0.59
3045,0.57
3046,0.53
3047,0.28
3048,0.32
3049,0.34
3050,0.27
3051,0.53
3052,0.41
3053,0.41
3054,0.19
3055,0.37
3056,0.37
3057,0.59
3058,0.53
3059,0.40
3060,0.49
3061,0.49
3062,0.38
3063,0.42
3064,0.21
3065,0.51
3066,0.52
3067,0.44
3068,0.49
3069,0.56
3070,0.58
3071,0.35
3072,0.59
3073,0.52
3074,0.43
3075,0.46
3076,0.41
3077,0.22
3078,0.26
3079,0.48
3080,0.54
3081,0.92
3082,0.92
3083,0.38
3084,0.57
3085,0.55
3086,0.54
3087,0.58
3088,0.58
3089,0.91
3090,0.58
3091,0.45
3092,0.21
3093,0.55
3094,0.90
3095,0.51
3096,0.42
3097,0.45
3098,0.52
3099,0.47
3100,0.92
3101,0.72
3102,0.24
3103,0.43
3104,0.24
3105,0.40
3106,0.39
3107,0.49
3108,0.41
3109,0.25
3110,0.92
3111,0.53
3112,0.48
3113,0.60
3114,0.24
3115,0.52
3116,0.35
3117,0.53
3118,0.46
3119,0.61
3120,0.40
3121,0.47
3122,0.34
3123,0.55
3124,0.92
3125,0.55
3126,0.53
3127,0.42
3128,0.23
3129,0.53
3130,0.89
3131,0.39
3132,0.55
3133,0.77
3134,0.60
3135,0.59
3136,0.43
3137,0.51
3138,0.49
3139,0.38
3140,0.42
3141,0.50
3142,0.91
3143,0.56
3144,0.44
3145,0.20
3146,0.45
3147,0.38
3148,0.51
3149,0.45
3150,0.50
3151,0.56
3152,0.55
3153,0.37
3154,0.89
3155,0.39
3156,0.59
3157,0.51
3158,0.58
3159,0.91
3160,0.92
3161,0.37
3162,0.42
3163,0.74
3164,0.92
3165,0.52
3166,0.50
3167,0.23
3168,0.42
3169,0.44
3170,0.55
3171,0.72
3172,0.52
3173,0.92
3174,0.37
3175,0.49
3176,0.37
3177,0.39
3178,0.47
3179,0.22
3180,0.30
3181,0.54
3182,0.58
3183,0.57
3184,0.53
3185,0.35
3186,0.22
3187,0.45
3188,0.43
3189,0.50
3190,0.55
3191,0.92
3192,0.54
3193,0.35
3194,0.92
3195,0.20
3196,0.41
3197,0.42
3198,0.44
3199,0.43
3200,0.45
3201,0.51
3202,0.51
3203,0.59
3204,0.92
3205,0.48
3206,0.56
3207,0.92
3208,0.30
3209,0.42
3210,0.40
3211,0.92
3212,0.89
3213,0.21
3214,0.37
3215,0.92
3216,0.22
3217,0.45
3218,0.50
3219,0.54
3220,0.40
3221,0.54
3222,0.89
3223,0.55
3224,0.46
3225,0.54
3226,0.27
3227,0.51
3228,0.39
3229,0.56
3230,0.43
3231,0.43
3232,0.91
3233,0.54
3234,0.47
3235,0.20
3236,0.49
3237,0.45
3238,0.44
3239,0.53
3240,0.40
3241,0.47
3242,0.40
3243,0.42
3244,0.47
3245,0.54
3246,0.54
3247,0.91
3248,0.50
3249,0.59
3250,0.20
3251,0.51
3252,0.89
3253,0.55
3254,0.92
3255,0.54
3256,0.38
3257,0.58
3258,0.89
3259,0.50
3260,0.22
3261,0.20
3262,0.44
3263,0.43
3264,0.27
3265,0.61
3266,0.56
3267,0.21
3268,0.46
3269,0.53
3270,0.54
3271,0.37
3272,0.38
3273,0.51
3274,0.90
3275,0.89
3276,0.23
3277,0.43
3278,0.20
3279,0.89
3280,0.58
3281,0.44
3282,0.52
3283,0.29
3284,0.51
3285,0.52
3286,0.92
3287,0.53
3288,0.39
3289,0.43
3290,0.25
3291,0.89
3292,0.92
3293,0.46
3294,0.41
3295,0.34
3296,0.47
3297,0.45
3298,0.45
3299,0.45
3300,0.46
3301,0.56
3302,0.37
3303,0.44
3304,0.55
3305,0.20
3306,0.40
3307,0.60
3308,0.42
3309,0.48
3310,0.92
3311,0.49
3312,0.58
3313,0.92
3314,0.53
3315,0.22
3316,0.54
3317,0.58
3318,0.54
3319,0.34
3320,0.72
3321,0.48
3322,0.51
3323,0.48
3324,0.42
3325,0.37
3326,0.31
3327,0.23
3328,0.50
3329,0.22
3330,0.49
3331,0.59
3332,0.42
3333,0.38
3334,0.44
3335,0.90
3336,0.19
3337,0.45
3338,0.27
3339,0.57
3340,0.89
3341,0.44
3342,0.87
3343,0.21
3344,0.38
3345,0.56
3346,0.54
3347,0.47
3348,0.39
3349,0.54
3350,0.40
3351,0.55
3352,0.27
3353,0.38
3354,0.50
3355,0.21
3356,0.53
3357,0.43
3358,0.20
3359,0.43
3360,0.52
3361,0.75
3362,0.46
3363,0.36
3364,0.43
3365,0.55
3366,0.45
3367,0.41
3368,0.37
3369,0.23
3370,0.41
3371,0.20
3372,0.43
3373,0.49
3374,0.49
3375,0.54
3376,0.39
3377,0.88
3378,0.37
3379,0.37
3380,0.39
3381,0.21
3382,0.22
3383,0.45
3384,0.22
3385,0.53
3386,0.91
3387,0.39
3388,0.40
3389,0.47
3390,0.48
3391,0.49
3392,0.53
3393,0.21
3394,0.38
3395,0.46
3396,0.91
3397,0.45
3398,0.38
3399,0.57
3400,0.92
3401,0.52
3402,0.26
3403,0.47
3404,0.54
3405,0.43
3406,0.50
3407,0.34
3408,0.41
3409,0.22
3410,0.47
3411,0.49
3412,0.89
3413,0.46
3414,0.92
3415,0.58
3416,0.25
3417,0.91
3418,0.43
3419,0.20
3420,0.21
3421,0.20
3422,0.58
3423,0.20
3424,0.52
3425,0.92
3426,0.55
3427,0.45
3428,0.47
3429,0.58
3430,0.48
3431,0.89
3432,0.24
3433,0.55
3434,0.41
3435,0.46
3436,0.55
3437,0.92
3438,0.21
3439,0.20
3440,0.22
3441,0.40
3442,0.21
3443,0.37
3444,0.41
3445,0.52
3446,0.43
3447,0.54
3448,0.37
3449,0.73
3450,0.22
3451,0.58
3452,0.58
3453,0.52
3454,0.92
3455,0.20
3456,0.20
3457,0.89
3458,0.60
3459,0.51
3460,0.51
3461,0.27
3462,0.84
3463,0.90
3464,0.22
3465,0.20
3466,0.41
3467,0.41
3468,0.25
3469,0.50
3470,0.20
3471,0.54
3472,0.37
3473,0.40
3474,0.44
3475,0.57
3476,0.57
3477,0.38
3478,0.58
3479,0.56
3480,0.49
3481,0.36
3482,0.44
3483,0.55
3484,0.20
3485,0.90
3486,0.54
3487,0.58
3488,0.36
3489,0.56
3490,0.58
3491,0.44
3492,0.89
3493,0.46
3494,0.39
3495,0.49
3496,0.22
3497,0.50
3498,0.52
3499,0.55
3500,0.22
3501,0.47
3502,0.45
3503,0.38
3504,0.28
3505,0.60
3506,0.21
3507,0.38
3508,0.53
3509,0.52
3510,0.55
3511,0.59
3512,0.41
3513,0.51
3514,0.56
3515,0.34
3516,0.89
3517,0.44
3518,0.21
3519,0.41
3520,0.47
3521,0.53
3522,0.21
3523,0.48
3524,0.42
3525,0.90
3526,0.39
3527,0.43
3528,0.89
3529,0.43
3530,0.43
3531,0.43
3532,0.47
3533,0.57
3534,0.40
3535,0.46
3536,0.38
3537,0.41
3538,0.52
3539,0.47
3540,0.57
3541,0.90
3542,0.20
3543,0.50
3544,0.21
3545,0.36
3546,0.53
3547,0.59
3548,0.47
3549,0.38
3550,0.41
3551,0.51
3552,0.54
3553,0.52
3554,0.92
3555,0.38
3556,0.58
3557,0.27
3558,0.49
3559,0.55
3560,0.22
3561,0.92
3562,0.34
3563,0.22
3564,0.23
3565,0.23
3566,0.54
3567,0.59
3568,0.22
3569,0.92
3570,0.44
3571,0.42
3572,0.21
3573,0.56
3574,0.87
3575,0.43
3576,0.38
3577,0.42
3578,0.42
3579,0.23
3580,0.36
3581,0.58
3582,0.41
3583,0.41
3584,0.52
3585,0.73
3586,0.90
3587,0.20
3588,0.47
3589,0.46
3590,0.37
3591,0.56
3592,0.51
3593,0.36
3594,0.20
3595,0.88
3596,0.22
3597,0.21
3598,0.43
3599,0.57
3600,0.22
3601,0.37
3602,0.22
3603,0.91
3604,0.37
3605,0.47
3606,0.60
3607,0.22
3608,0.45
3609,0.56
3610,0.29
3611,0.54
3612,0.56
3613,0.42
3614,0.54
3615,0.21
3616,0.92
3617,0.52
3618,0.44
3619,0.21
3620,0.39
3621,0.20
3622,0.36
3623,0.92
3624,0.44
3625,0.90
3626,0.44
3627,0.73
3628,0.43
3629,0.47
3630,0.41
3631,0.92
3632,0.57
3633,0.22
3634,0.54
3635,0.44
3636,0.57
3637,0.44
3638,0.51
3639,0.35
3640,0.54
3641,0.31
3642,0.58
3643,0.92
3644,0.89
3645,0.42
3646,0.92
3647,0.27
3648,0.46
3649,0.43
3650,0.24
3651,0.47
3652,0.42
3653,0.92
3654,0.57
3655,0.89
3656,0.21
3657,0.20
3658,0.34
3659,0.57
3660,0.92
3661,0.51
3662,0.47
3663,0.34
3664,0.43
3665,0.41
3666,0.74
3667,0.54
3668,0.56
3669,0.40
3670,0.35
3671,0.43
3672,0.46
3673,0.55
3674,0.59
3675,0.57
3676,0.28
3677,0.53
3678,0.51
3679,0.42
3680,0.41
3681,0.42
3682,0.21
3683,0.46
3684,0.46
3685,0.43
3686,0.52
3687,0.35
3688,0.29
3689,0.44
3690,0.20
3691,0.22
3692,0.57
3693,0.39
3694,0.92
3695,0.62
3696,0.54
3697,0.57
3698,0.37
3699,0.21
3700,0.92
3701,0.44
3702,0.54
3703,0.43
3704,0.48
3705,0.89
3706,0.45
3707,0.49
3708,0.50
3709,0.45
3710,0.23
3711,0.50
3712,0.42
3713,0.43
3714,0.45
3715,0.56
3716,0.51
3717,0.88
3718,0.21
3719,0.43
3720,0.20
3721,0.89
3722,0.45
3723,0.56
3724,0.59
3725,0.31
3726,0.28
3727,0.92
3728,0.48
3729,0.49
3730,0.53
3731,0.47
3732,0.58
3733,0.47
3734,0.74
3735,0.53
3736,0.46
3737,0.54
3738,0.48
3739,0.52
3740,0.44
3741,0.38
3742,0.40
3743,0.55
3744,0.43
3745,0.89
3746,0.60
3747,0.92
3748,0.32
3749,0.60
3750,0.53
3751,0.42
3752,0.54
3753,0.62
3754,0.92
3755,0.44
3756,0.38
3757,0.49
3758,0.90
3759,0.36
3760,0.20
3761,0.20
3762,0.73
3763,0.76
3764,0.21
3765,0.57
3766,0.42
3767,0.42
3768,0.40
3769,0.91
3770,0.42
3771,0.38
3772,0.21
3773,0.58
3774,0.44
3775,0.51
3776,0.49
3777,0.20
3778,0.36
3779,0.52
3780,0.53
3781,0.60
3782,0.54
3783,0.45
3784,0.46
3785,0.51
3786,0.74
3787,0.56
3788,0.47
3789,0.41
3790,0.51
3791,0.48
3792,0.48
3793,0.55
3794,0.48
3795,0.61
3796,0.54
3797,0.53
3798,0.92
3799,0.43
3800,0.89
3801,0.34
3802,0.45
3803,0.88
3804,0.59
3805,0.44
3806,0.43
3807,0.50
3808,0.57
3809,0.48
3810,0.21
3811,0.39
3812,0.21
3813,0.45
3814,0.44
3815,0.89
3816,0.20
3817,0.39
3818,0.21
3819,0.44
3820,0.46
3821,0.45
3822,0.39
3823,0.54
3824,0.47
3825,0.25
3826,0.44
3827,0.44
3828,0.92
3829,0.41
3830,0.43
3831,0.43
3832,0.28
3833,0.74
3834,0.61
3835,0.23
3836,0.92
3837,0.54
3838,0.20
3839,0.44
3840,0.20
3841,0.22
3842,0.46
3843,0.92
3844,0.21
3845,0.34
3846,0.43
3847,0.52
3848,0.37
3849,0.54
3850,0.38
3851,0.48
3852,0.46
3853,0.45
3854,0.47
3855,0.89
3856,0.26
3857,0.92
3858,0.61
3859,0.55
3860,0.54
3861,0.92
3862,0.22
3863,0.55
3864,0.21
3865,0.52
3866,0.44
3867,0.59
3868,0.22
3869,0.47
3870,0.58
3871,0.43
3872,0.49
3873,0.92
3874,0.54
3875,0.90
3876,0.55
3877,0.44
3878,0.59
3879,0.45
3880,0.59
3881,0.43
3882,0.56
3883,0.46
3884,0.50
3885,0.37
3886,0.24
3887,0.24
3888,0.43
3889,0.53
3890,0.39
3891,0.49
3892,0.21
3893,0.20
3894,0.42
3895,0.21
3896,0.59
3897,0.29
3898,0.58
3899,0.39
3900,0.46
3901,0.52
3902,0.61
3903,0.47
3904,0.92
3905,0.52
3906,0.45
3907,0.58
3908,0.92
3909,0.47
3910,0.45
3911,0.37
3912,0.42
3913,0.56
3914,0.38
3915,0.53
3916,0.23
3917,0.40
3918,0.47
3919,0.52
3920,0.52
3921,0.47
3922,0.42
3923,0.48
3924,0.86
3925,0.47
3926,0.33
3927,0.43
3928,0.91
3929,0.91
3930,0.37
3931,0.59
3932,0.58
3933,0.45
3934,0.49
3935,0.46
3936,0.59
3937,0.40
3938,0.51
3939,0.57
3940,0.74
3941,0.42
3942,0.40
3943,0.56
3944,0.92
3945,0.48
3946,0.44
3947,0.44
3948,0.23
3949,0.89
3950,0.51
3951,0.39
3952,0.92
3953,0.36
3954,0.43
3955,0.21
3956,0.33
3957,0.47
3958,0.55
3959,0.89
3960,0.21
3961,0.57
3962,0.51
3963,0.59
3964,0.72
3965,0.89
3966,0.46
3967,0.47
3968,0.39
3969,0.38
3970,0.45
3971,0.44
3972,0.58
3973,0.45
3974,0.44
3975,0.40
3976,0.54
3977,0.53
3978,0.90
3979,0.35
3980,0.36
3981,0.52
3982,0.48
3983,0.91
3984,0.45
3985,0.60
3986,0.40
3987,0.21
3988,0.89
3989,0.59
3990,0.37
3991,0.46
3992,0.58
3993,0.51
3994,0.62
3995,0.42
3996,0.22
3997,0.40
3998,0.45
3999,0.48
4000,0.43
4001,0.44
4002,0.37
4003,0.92
4004,0.46
4005,0.57
4006,0.32
4007,0.49
4008,0.55
4009,0.55
4010,0.40
4011,0.89
4012,0.43
4013,0.57
4014,0.37
4015,0.27
4016,0.19
4017,0.21
4018,0.52
4019,0.59
4020,0.50
4021,0.45
4022,0.57
4023,0.49
4024,0.53
4025,0.55
4026,0.46
4027,0.44
4028,0.49
4029,0.92
4030,0.56
4031,0.23
4032,0.48
4033,0.59
4034,0.46
4035,0.47
4036,0.45
4037,0.39
4038,0.56
4039,0.86
4040,0.48
4041,0.43
4042,0.51
4043,0.56
4044,0.47
4045,0.45
4046,0.75
4047,0.42
4048,0.53
4049,0.60
4050,0.57
4051,0.46
4052,0.42
4053,0.34
4054,0.25
4055,0.39
4056,0.28
4057,0.52
4058,0.92
4059,0.45
4060,0.46
4061,0.30
4062,0.44
4063,0.34
4064,0.45
4065,0.54
4066,0.90
4067,0.23
4068,0.92
4069,0.58
4070,0.22
4071,0.92
4072,0.46
4073,0.89
4074,0.46
4075,0.55
4076,0.37
4077,0.46
4078,0.92
4079,0.47
4080,0.45
4081,0.55
4082,0.40
4083,0.54
4084,0.61
4085,0.53
4086,0.47
4087,0.87
4088,0.37
4089,0.57
4090,0.89
4091,0.92
4092,0.91
4093,0.43
4094,0.46
4095,0.43
4096,0.56
4097,0.44
4098,0.22
4099,0.37
4100,0.22
4101,0.22
4102,0.59
4103,0.48
4104,0.21
4105,0.40
4106,0.52
4107,0.54
4108,0.92
4109,0.27
4110,0.91
4111,0.89
4112,0.90
4113,0.56
4114,0.49
4115,0.37
4116,0.50
4117,0.52
4118,0.46
4119,0.35
4120,0.62
4121,0.47
4122,0.38
4123,0.20
4124,0.46
4125,0.50
4126,0.41
4127,0.21
4128,0.56
4129,0.56
4130,0.57
4131,0.58
4132,0.59
4133,0.89
4134,0.57
4135,0.54
4136,0.59
4137,0.39
4138,0.38
4139,0.60
4140,0.47
4141,0.90
4142,0.21
4143,0.44
4144,0.21
4145,0.51
4146,0.87
4147,0.54
4148,0.27
4149,0.23
4150,0.59
4151,0.58
4152,0.45
4153,0.54
4154,0.57
4155,0.92
4156,0.37
4157,0.55
4158,0.51
4159,0.57
4160,0.40
4161,0.28
4162,0.23
4163,0.46
4164,0.43
4165,0.92
4166,0.51
4167,0.40
4168,0.45
4169,0.58
4170,0.57
4171,0.52
4172,0.59
4173,0.51
4174,0.22
4175,0.20
4176,0.88
4177,0.92
4178,0.53
4179,0.89
4180,0.39
4181,0.44
4182,0.42
4183,0.50
4184,0.49
4185,0.46
4186,0.59
4187,0.46
4188,0.89
4189,0.58
4190,0.39
4191,0.44
4192,0.42
4193,0.89
4194,0.49
4195,0.40
4196,0.52
4197,0.43
4198,0.48
4199,0.49
4200,0.54
4201,0.23
4202,0.43
4203,0.48
4204,0.42
4205,0.22
4206,0.59
4207,0.23
4208,0.58
4209,0.27
4210,0.45
4211,0.45
4212,0.49
4213,0.92
4214,0.30
4215,0.73
4216,0.92
4217,0.22
4218,0.55
4219,0.90
4220,0.43
4221,0.47
4222,0.58
4223,0.30
4224,0.43
4225,0.44
4226,0.27
4227,0.46
4228,0.48
4229,0.43
4230,0.40
4231,0.51
4232,0.76
4233,0.57
4234,0.48
4235,0.47
4236,0.50
4237,0.37
4238,0.37
4239,0.92
4240,0.60
4241,0.54
4242,0.91
4243,0.59
4244,0.44
4245,0.43
4246,0.20
4247,0.92
4248,0.41
4249,0.27
4250,0.23
4251,0.52
4252,0.88
4253,0.43
4254,0.56
4255,0.27
4256,0.49
4257,0.21
4258,0.54
4259,0.40
4260,0.92
4261,0.91
4262,0.54
4263,0.38
4264,0.41
4265,0.32
4266,0.92
4267,0.43
4268,0.92
4269,0.54
4270,0.47
4271,0.21
4272,0.22
4273,0.41
4274,0.36
4275,0.57
4276,0.45
4277,0.20
4278,0.41
4279,0.54
4280,0.42
4281,0.44
4282,0.89
4283,0.40
4284,0.57
4285,0.92
4286,0.41
4287,0.38
4288,0.59
4289,0.39
4290,0.36
4291,0.39
4292,0.44
4293,0.55
4294,0.60
4295,0.61
4296,0.51
4297,0.39
4298,0.20
4299,0.42
4300,0.43
4301,0.42
4302,0.49
4303,0.48
4304,0.54
4305,0.92
4306,0.53
4307,0.39
4308,0.20
4309,0.44
4310,0.50
4311,0.41
4312,0.40
4313,0.43
4314,0.34
4315,0.49
4316,0.36
4317,0.29
4318,0.50
4319,0.22
4320,0.35
4321,0.91
4322,0.47
4323,0.91
4324,0.41
4325,0.51
4326,0.41
4327,0.48
4328,0.56
4329,0.58
4330,0.41
4331,0.20
4332,0.88
4333,0.92
4334,0.58
4335,0.51
4336,0.45
4337,0.25
4338,0.51
4339,0.92
4340,0.87
4341,0.25
4342,0.58
4343,0.34
4344,0.45
4345,0.47
4346,0.46
4347,0.40
4348,0.34
4349,0.40
4350,0.58
4351,0.58
4352,0.28
4353,0.89
4354,0.42
4355,0.48
4356,0.35
4357,0.56
4358,0.39
4359,0.59
4360,0.47
4361,0.50
4362,0.53
4363,0.89
4364,0.37
4365,0.86
4366,0.48
4367,0.91
4368,0.92
4369,0.60
4370,0.56
4371,0.31
4372,0.46
4373,0.23
4374,0.50
4375,0.37
4376,0.50
4377,0.43
4378,0.45
4379,0.54
4380,0.52
4381,0.57
4382,0.56
4383,0.72
4384,0.53
4385,0.44
4386,0.58
4387,0.51
4388,0.92
4389,0.55
4390,0.27
4391,0.36
4392,0.53
4393,0.21
4394,0.71
4395,0.59
4396,0.26
4397,0.59
4398,0.41
4399,0.43
4400,0.92
4401,0.38
4402,0.48
4403,0.45
4404,0.58
4405,0.50
4406,0.42
4407,0.21
4408,0.92
4409,0.20
4410,0.58
4411,0.37
4412,0.57
4413,0.63
4414,0.34
4415,0.23
4416,0.45
4417,0.26
4418,0.21
4419,0.54
4420,0.60
4421,0.22
4422,0.44
4423,0.49
4424,0.92
4425,0.55
4426,0.38
4427,0.37
4428,0.21
4429,0.56
4430,0.43
4431,0.43
4432,0.42
4433,0.55
4434,0.44
4435,0.39
4436,0.44
4437,0.55
4438,0.43
4439,0.92
4440,0.92
4441,0.46
4442,0.55
4443,0.46
4444,0.20
4445,0.41
4446,0.51
4447,0.89
4448,0.51
4449,0.58
4450,0.56
4451,0.42
4452,0.44
4453,0.57
4454,0.43
4455,0.36
4456,0.37
4457,0.55
4458,0.92
4459,0.52
4460,0.44
4461,0.45
4462,0.29
4463,0.37
4464,0.22
4465,0.54
4466,0.41
4467,0.39
4468,0.50
4469,0.75
4470,0.77
4471,0.29
4472,0.38
4473,0.45
4474,0.38
4475,0.49
4476,0.89
4477,0.38
4478,0.92
4479,0.47
4480,0.56
4481,0.49
4482,0.49
4483,0.47
4484,0.44
4485,0.22
4486,0.42
4487,0.56
4488,0.55
4489,0.51
4490,0.22
4491,0.50
4492,0.44
4493,0.46
4494,0.37
4495,0.92
4496,0.32
4497,0.49
4498,0.92
4499,0.32
4500,0.20
4501,0.88
4502,0.91
4503,0.52
4504,0.43
4505,0.42
4506,0.40
4507,0.23
4508,0.54
4509,0.48
4510,0.45
4511,0.56
4512,0.48
4513,0.38
4514,0.89
4515,0.47
4516,0.45
4517,0.54
4518,0.58
4519,0.55
4520,0.37
4521,0.21
4522,0.56
4523,0.92
4524,0.47
4525,0.22
4526,0.30
4527,0.92
4528,0.54
4529,0.56
4530,0.35
4531,0.60
4532,0.47
4533,0.47
4534,0.92
4535,0.21
4536,0.42
4537,0.92
4538,0.43
4539,0.24
4540,0.52
4541,0.50
4542,0.22
4543,0.34
4544,0.43
4545,0.91
4546,0.38
4547,0.44
4548,0.54
4549,0.42
4550,0.48
4551,0.38
4552,0.40
4553,0.89
4554,0.50
4555,0.56
4556,0.62
4557,0.55
4558,0.29
4559,0.55
4560,0.50
4561,0.58
4562,0.45
4563,0.92
4564,0.89
4565,0.55
4566,0.44
4567,0.48
4568,0.41
4569,0.74
4570,0.21
4571,0.48
4572,0.46
4573,0.54
4574,0.37
4575,0.86
4576,0.89
4577,0.42
4578,0.40
4579,0.56
4580,0.20
4581,0.89
4582,0.89
4583,0.52
4584,0.51
4585,0.91
4586,0.41
4587,0.92
4588,0.75
4589,0.37
4590,0.27
4591,0.43
4592,0.42
4593,0.35
4594,0.41
4595,0.89
4596,0.55
4597,0.53
4598,0.41
4599,0.44
4600,0.46
4601,0.20
4602,0.52
4603,0.38
4604,0.43
4605,0.50
4606,0.46
4607,0.21
4608,0.47
4609,0.53
4610,0.20
4611,0.54
4612,0.55
4613,0.21
4614,0.38
4615,0.21
4616,0.45
4617,0.75
4618,0.92
4619,0.20
4620,0.38
4621,0.37
4622,0.90
4623,0.89
4624,0.59
4625,0.57
4626,0.89
4627,0.22
4628,0.21
4629,0.89
4630,0.56
4631,0.40
4632,0.53
4633,0.54
4634,0.56
4635,0.37
4636,0.92
4637,0.45
4638,0.46
4639,0.92
4640,0.92
4641,0.47
4642,0.26
4643,0.55
4644,0.55
4645,0.32
4646,0.48
4647,0.49
4648,0.48
4649,0.58
4650,0.22
4651,0.55
4652,0.47
4653,0.50
4654,0.37
4655,0.49
4656,0.91
4657,0.43
4658,0.39
4659,0.23
4660,0.49
4661,0.46
4662,0.54
4663,0.20
4664,0.89
4665,0.50
4666,0.56
4667,0.90
4668,0.45
4669,0.40
4670,0.39
4671,0.43
4672,0.89
4673,0.28
4674,0.92
4675,0.45
4676,0.20
4677,0.44
4678,0.27
4679,0.27
4680,0.40
4681,0.73
4682,0.92
4683,0.89
4684,0.89
4685,0.72
4686,0.21
4687,0.38
4688,0.30
4689,0.52
4690,0.89
4691,0.46
4692,0.55
4693,0.57
4694,0.42
4695,0.56
4696,0.21
4697,0.41
4698,0.27
4699,0.46
4700,0.50
4701,0.89
4702,0.54
4703,0.57
4704,0.31
4705,0.48
4706,0.48
4707,0.45
4708,0.92
4709,0.76
4710,0.50
4711,0.50
4712,0.21
4713,0.61
4714,0.42
4715,0.44
4716,0.55
4717,0.37
4718,0.91
4719,0.89
4720,0.41
4721,0.57
4722,0.54
4723,0.51
4724,0.44
4725,0.28
4726,0.40
4727,0.54
4728,0.57
4729,0.42
4730,0.46
4731,0.45
4732,0.53
4733,0.48
4734,0.46
4735,0.60
4736,0.47
4737,0.49
4738,0.52
4739,0.59
4740,0.38
4741,0.55
4742,0.59
4743,0.74
4744,0.55
4745,0.47
4746,0.48
4747,0.56
4748,0.52
4749,0.92
4750,0.57
4751,0.43
4752,0.42
4753,0.42
4754,0.46
4755,0.89
4756,0.41
4757,0.59
4758,0.77
4759,0.52
4760,0.21
4761,0.44
4762,0.92
4763,0.27
4764,0.20
4765,0.40
4766,0.36
4767,0.46
4768,0.52
4769,0.27
4770,0.55
4771,0.92
4772,0.46
4773,0.49
4774,0.53
4775,0.55
4776,0.46
4777,0.42
4778,0.48
4779,0.56
4780,0.61
4781,0.92
4782,0.46
4783,0.92
4784,0.74
4785,0.92
4786,0.87
4787,0.90
4788,0.37
4789,0.48
4790,0.46
4791,0.57
4792,0.60
4793,0.41
4794,0.27
4795,0.91
4796,0.92
4797,0.55
4798,0.47
4799,0.47
4800,0.45
4801,0.32
4802,0.21
4803,0.39
4804,0.58
4805,0.55
4806,0.61
4807,0.42
4808,0.60
4809,0.49
4810,0.52
4811,0.46
4812,0.41
4813,0.43
4814,0.21
4815,0.57
4816,0.46
4817,0.59
4818,0.48
4819,0.45
4820,0.92
4821,0.44
4822,0.22
4823,0.34
4824,0.52
4825,0.20
4826,0.40
4827,0.49
4828,0.43
4829,0.92
4830,0.52
4831,0.46
4832,0.27
4833,0.89
4834,0.42
4835,0.47
4836,0.88
4837,0.22
4838,0.31
4839,0.20
4840,0.46
4841,0.41
4842,0.43
4843,0.47
4844,0.49
4845,0.38
4846,0.89
4847,0.43
4848,0.92
4849,0.44
4850,0.41
4851,0.22
4852,0.53
4853,0.49
4854,0.21
4855,0.35
4856,0.23
4857,0.58
4858,0.58
4859,0.37
4860,0.56
4861,0.28
4862,0.52
4863,0.43
4864,0.77
4865,0.22
4866,0.89
4867,0.43
4868,0.22
4869,0.58
4870,0.46
4871,0.88
4872,0.55
4873,0.55
4874,0.39
4875,0.44
4876,0.40
4877,0.91
4878,0.57
4879,0.46
4880,0.74
4881,0.61
4882,0.92
4883,0.92
4884,0.41
4885,0.37
4886,0.53
4887,0.47
4888,0.40
4889,0.47
4890,0.48
4891,0.24
4892,0.20
4893,0.22
4894,0.21
4895,0.54
4896,0.48
4897,0.54
4898,0.26
4899,0.51
4900,0.52
4901,0.49
4902,0.42
4903,0.53
4904,0.48
4905,0.47
4906,0.92
4907,0.46
4908,0.27
4909,0.52
4910,0.54
4911,0.54
4912,0.92
4913,0.45
4914,0.48
4915,0.92
4916,0.92
4917,0.56
4918,0.58
4919,0.38
4920,0.38
4921,0.40
4922,0.20
4923,0.92
4924,0.57
4925,0.59
4926,0.34
4927,0.73
4928,0.41
4929,0.91
4930,0.89
4931,0.50
4932,0.45
4933,0.35
4934,0.38
4935,0.44
4936,0.45
4937,0.62
4938,0.55
4939,0.72
4940,0.39
4941,0.43
4942,0.40
4943,0.57
4944,0.92
4945,0.44
4946,0.73
4947,0.49
4948,0.21
4949,0.44
4950,0.53
4951,0.54
4952,0.57
4953,0.59
4954,0.41
4955,0.40
4956,0.40
4957,0.52
4958,0.37
4959,0.35
4960,0.45
4961,0.92
4962,0.29
4963,0.38
4964,0.48
4965,0.52
4966,0.61
4967,0.46
4968,0.51
4969,0.89
4970,0.36
4971,0.49
4972,0.38
4973,0.44
4974,0.49
4975,0.47
4976,0.41
4977,0.52
4978,0.39
4979,0.42
4980,0.44
4981,0.39
4982,0.43
4983,0.60
4984,0.40
4985,0.60
4986,0.59
4987,0.46
4988,0.92
4989,0.58
4990,0.21
4991,0.75
4992,0.22
4993,0.49
4994,0.45
4995,0.58
4996,0.39
4997,0.40
4998,0.41
4999,0.59
5000,0.92
5001,0.27
5002,0.58
5003,0.52
5004,0.23
5005,0.32
5006,0.53
5007,0.42
5008,0.50
5009,0.39
5010,0.44
5011,0.22
5012,0.44
5013,0.54
5014,0.90
5015,0.36
5016,0.54
5017,0.45
5018,0.89
5019,0.55
5020,0.74
5021,0.21
5022,0.74
5023,0.89
5024,0.48
5025,0.45
5026,0.41
5027,0.46
5028,0.44
5029,0.22
5030,0.37
5031,0.44
5032,0.37
5033,0.54
5034,0.27
5035,0.44
5036,0.53
5037,0.43
5038,0.53
5039,0.36
5040,0.50
5041,0.47
5042,0.92
5043,0.22
5044,0.54
5045,0.53
5046,0.73
5047,0.41
5048,0.51
5049,0.46
5050,0.56
5051,0.39
5052,0.37
5053,0.92
5054,0.48
5055,0.49
5056,0.45
5057,0.21
5058,0.43
5059,0.92
5060,0.92
5061,0.37
5062,0.61
5063,0.60
5064,0.52
5065,0.28
5066,0.35
5067,0.53
5068,0.48
5069,0.53
5070,0.56
5071,0.46
5072,0.54
5073,0.76
5074,0.40
5075,0.44
5076,0.53
5077,0.45
5078,0.91
5079,0.92
5080,0.54
5081,0.39
5082,0.39
5083,0.38
5084,0.56
5085,0.92
5086,0.47
5087,0.49
5088,0.58
5089,0.92
5090,0.43
5091,0.48
5092,0.42
5093,0.38
5094,0.21
5095,0.54
5096,0.38
5097,0.35
5098,0.38
5099,0.61
5100,0.56
5101,0.58
5102,0.21
5103,0.59
5104,0.48
5105,0.47
5106,0.52
5107,0.58
5108,0.54
5109,0.92
5110,0.23
5111,0.43
5112,0.40
5113,0.21
5114,0.42
5115,0.48
5116,0.42
5117,0.92
5118,0.37
5119,0.40
5120,0.54
5121,0.56
5122,0.39
5123,0.39
5124,0.48
5125,0.89
5126,0.49
5127,0.20
5128,0.47
5129,0.51
5130,0.44
5131,0.20
5132,0.41
5133,0.58
5134,0.61
5135,0.44
5136,0.36
5137,0.33
5138,0.59
5139,0.45
5140,0.91
5141,0.49
5142,0.92
5143,0.48
5144,0.73
5145,0.57
5146,0.54
5147,0.49
5148,0.48
5149,0.49
5150,0.47
5151,0.50
5152,0.22
5153,0.53
5154,0.21
5155,0.36
5156,0.20
5157,0.51
5158,0.58
5159,0.48
5160,0.34
5161,0.39
5162,0.38
5163,0.47
5164,0.59
5165,0.51
5166,0.41
5167,0.47
5168,0.42
5169,0.51
5170,0.52
5171,0.74
5172,0.39
5173,0.39
5174,0.58
5175,0.19
5176,0.92
5177,0.49
5178,0.57
5179,0.41
5180,0.47
5181,0.89
5182,0.34
5183,0.45
5184,0.92
5185,0.92
5186,0.48
5187,0.36
5188,0.21
5189,0.40
5190,0.53
5191,0.42
5192,0.42
5193,0.45
5194,0.55
5195,0.91
5196,0.42
5197,0.28
5198,0.59
5199,0.28
5200,0.92
5201,0.46
5202,0.45
5203,0.55
5204,0.21
5205,0.58
5206,0.39
5207,0.92
5208,0.43
5209,0.41
5210,0.46
5211,0.44
5212,0.54
5213,0.89
5214,0.44
5215,0.37
5216,0.23
5217,0.42
5218,0.35
5219,0.47
5220,0.58
5221,0.22
5222,0.22
5223,0.52
5224,0.49
5225,0.44
5226,0.47
5227,0.27
5228,0.47
5229,0.27
5230,0.43
5231,0.22
5232,0.60
5233,0.47
5234,0.27
5235,0.72
5236,0.42
5237,0.45
5238,0.37
5239,0.44
5240,0.53
5241,0.86
5242,0.20
5243,0.46
5244,0.91
5245,0.21
5246,0.87
5247,0.74
5248,0.56
5249,0.50
5250,0.54
5251,0.50
5252,0.58
5253,0.21
5254,0.31
5255,0.37
5256,0.52
5257,0.22
5258,0.57
5259,0.54
5260,0.35
5261,0.90
5262,0.45
5263,0.50
5264,0.52
5265,0.47
5266,0.45
5267,0.92
5268,0.25
5269,0.57
5270,0.38
5271,0.49
5272,0.92
5273,0.25
5274,0.59
5275,0.44
5276,0.48
5277,0.37
5278,0.41
5279,0.55
5280,0.47
5281,0.92
5282,0.40
5283,0.90
5284,0.74
5285,0.46
5286,0.22
5287,0.48
5288,0.75
5289,0.49
5290,0.58
5291,0.91
5292,0.43
5293,0.43
5294,0.22
5295,0.22
5296,0.21
5297,0.57
5298,0.48
5299,0.91
5300,0.56
5301,0.59
5302,0.26
5303,0.73
5304,0.53
5305,0.51
5306,0.54
5307,0.51
5308,0.89
5309,0.51
5310,0.43
5311,0.42
5312,0.48
5313,0.49
5314,0.74
5315,0.89
5316,0.53
5317,0.22
5318,0.46
5319,0.89
5320,0.89
5321,0.47
5322,0.56
5323,0.40
5324,0.44
5325,0.42
5326,0.39
5327,0.46
5328,0.46
5329,0.40
5330,0.48
5331,0.49
5332,0.21
5333,0.41
5334,0.32
5335,0.43
5336,0.43
5337,0.42
5338,0.38
5339,0.20
5340,0.20
5341,0.51
5342,0.43
5343,0.51
5344,0.37
5345,0.49
5346,0.54
5347,0.54
5348,0.58
5349,0.58
5350,0.61
5351,0.76
5352,0.57
5353,0.57
5354,0.42
5355,0.89
5356,0.92
5357,0.50
5358,0.48
5359,0.40
5360,0.40
5361,0.74
5362,0.53
5363,0.48
5364,0.46
5365,0.53
5366,0.27
5367,0.91
5368,0.51
5369,0.44
5370,0.92
5371,0.55
5372,0.21
5373,0.43
5374,0.41
5375,0.76
5376,0.21
5377,0.58
5378,0.74
5379,0.35
5380,0.29
5381,0.20
5382,0.39
5383,0.46
5384,0.58
5385,0.50
5386,0.47
5387,0.38
5388,0.27
5389,0.54
5390,0.38
5391,0.51
5392,0.51
5393,0.89
5394,0.50
5395,0.50
5396,0.92
5397,0.46
5398,0.47
5399,0.48
5400,0.51
5401,0.21
5402,0.43
5403,0.41
5404,0.38
5405,0.21
5406,0.42
5407,0.21
5408,0.57
5409,0.46
5410,0.31
5411,0.26
5412,0.89
5413,0.41
5414,0.89
5415,0.42
5416,0.61
5417,0.21
5418,0.20
5419,0.91
5420,0.40
5421,0.54
5422,0.48
5423,0.74
5424,0.22
5425,0.58
5426,0.53
5427,0.46
5428,0.49
5429,0.26
5430,0.42
5431,0.46
5432,0.72
5433,0.55
5434,0.92
5435,0.45
5436,0.53
5437,0.59
5438,0.55
5439,0.47
5440,0.26
5441,0.89
5442,0.48
5443,0.50
5444,0.53
5445,0.57
5446,0.90
5447,0.41
5448,0.52
5449,0.41
5450,0.38
5451,0.72
5452,0.43
5453,0.89
5454,0.59
5455,0.92
5456,0.59
5457,0.89
5458,0.50
5459,0.89
5460,0.57
5461,0.56
5462,0.42
5463,0.54
5464,0.60
5465,0.25
5466,0.52
5467,0.45
5468,0.44
5469,0.41
5470,0.38
5471,0.43
5472,0.74
5473,0.37
5474,0.45
5475,0.39
5476,0.60
5477,0.55
5478,0.50
5479,0.92
5480,0.48
5481,0.27
5482,0.37
5483,0.53
5484,0.49
5485,0.22
5486,0.59
5487,0.91
5488,0.21
5489,0.57
5490,0.92
5491,0.58
5492,0.87
5493,0.54
5494,0.47
5495,0.47
5496,0.92
5497,0.58
5498,0.56
5499,0.44
5500,0.92
5501,0.54
5502,0.48
5503,0.38
5504,0.55
5505,0.56
5506,0.55
5507,0.54
5508,0.55
5509,0.51
5510,0.51
5511,0.46
5512,0.57
5513,0.56
5514,0.89
5515,0.48
5516,0.54
5517,0.33
5518,0.20
5519,0.53
5520,0.89
5521,0.43
5522,0.39
5523,0.47
5524,0.92
5525,0.57
5526,0.37
5527,0.46
5528,0.26
5529,0.52
5530,0.21
5531,0.22
5532,0.52
5533,0.52
5534,0.44
5535,0.54
5536,0.37
5537,0.56
5538,0.92
5539,0.41
5540,0.28
5541,0.21
5542,0.87
5543,0.73
5544,0.92
5545,0.20
5546,0.53
5547,0.43
5548,0.46
5549,0.35
5550,0.21
5551,0.54
5552,0.37
5553,0.32
5554,0.89
5555,0.59
5556,0.44
5557,0.39
5558,0.20
5559,0.55
5560,0.51
5561,0.24
5562,0.59
5563,0.47
5564,0.49
5565,0.39
5566,0.21
5567,0.22
5568,0.52
5569,0.51
5570,0.35
5571,0.40
5572,0.92
5573,0.91
5574,0.54
5575,0.60
5576,0.73
5577,0.23
5578,0.55
5579,0.22
5580,0.48
5581,0.47
5582,0.38
5583,0.56
5584,0.46
5585,0.61
5586,0.50
5587,0.21
5588,0.43
5589,0.58
5590,0.48
5591,0.53
5592,0.50
5593,0.44
5594,0.91
5595,0.54
5596,0.38
5597,0.37
5598,0.55
5599,0.92
5600,0.59
5601,0.58
5602,0.56
5603,0.57
5604,0.40
5605,0.86
5606,0.23
5607,0.62
5608,0.21
5609,0.41
5610,0.39
5611,0.54
5612,0.59
5613,0.21
5614,0.56
5615,0.23
5616,0.21
5617,0.45
5618,0.20
5619,0.49
5620,0.41
5621,0.92
5622,0.33
5623,0.38
5624,0.54
5625,0.48
5626,0.37
5627,0.57
5628,0.43
5629,0.28
5630,0.53
5631,0.50
5632,0.37
5633,0.92
5634,0.48
5635,0.92
5636,0.22
5637,0.25
5638,0.49
5639,0.49
5640,0.58
5641,0.45
5642,0.60
5643,0.54
5644,0.92
5645,0.20
5646,0.36
5647,0.21
5648,0.39
5649,0.51
5650,0.48
5651,0.48
5652,0.55
5653,0.26
5654,0.20
5655,0.41
5656,0.39
5657,0.47
5658,0.92
5659,0.48
5660,0.89
5661,0.20
5662,0.91
5663,0.51
5664,0.59
5665,0.42
5666,0.54
5667,0.57
5668,0.40
5669,0.23
5670,0.48
5671,0.48
5672,0.56
5673,0.28
5674,0.40
5675,0.92
5676,0.55
5677,0.47
5678,0.56
5679,0.44
5680,0.23
5681,0.20
5682,0.50
5683,0.57
5684,0.92
5685,0.39
5686,0.43
5687,0.91
5688,0.89
5689,0.49
5690,0.20
5691,0.56
5692,0.52
5693,0.56
5694,0.42
5695,0.21
5696,0.21
5697,0.50
5698,0.50
5699,0.49
5700,0.21
5701,0.92
5702,0.44
5703,0.92
5704,0.89
5705,0.91
5706,0.74
5707,0.31
5708,0.43
5709,0.74
5710,0.90
5711,0.39
5712,0.45
5713,0.37
5714,0.49
5715,0.39
5716,0.54
5717,0.48
5718,0.53
5719,0.20
5720,0.51
5721,0.56
5722,0.42
5723,0.46
5724,0.42
5725,0.56
5726,0.52
5727,0.20
5728,0.54
5729,0.36
5730,0.47
5731,0.56
5732,0.45
5733,0.88
5734,0.51
5735,0.42
5736,0.92
5737,0.44
5738,0.56
5739,0.86
5740,0.21
5741,0.45
5742,0.40
5743,0.53
5744,0.21
5745,0.76
5746,0.39
5747,0.46
5748,0.58
5749,0.90
5750,0.55
5751,0.89
5752,0.49
5753,0.39
5754,0.35
5755,0.52
5756,0.89
5757,0.41
5758,0.50
5759,0.61
5760,0.25
5761,0.45
5762,0.49
5763,0.48
5764,0.24
5765,0.42
5766,0.45
5767,0.42
5768,0.28
5769,0.92
5770,0.51
5771,0.40
5772,0.42
5773,0.51
5774,0.58
5775,0.50
5776,0.46
5777,0.49
5778,0.20
5779,0.40
5780,0.52
5781,0.52
5782,0.44
5783,0.47
5784,0.45
5785,0.54
5786,0.89
5787,0.43
5788,0.58
5789,0.21
5790,0.89
5791,0.22
5792,0.44
5793,0.48
5794,0.20
5795,0.40
5796,0.22
5797,0.43
5798,0.56
5799,0.45
5800,0.30
5801,0.22
5802,0.56
5803,0.36
5804,0.58
5805,0.92
5806,0.58
5807,0.40
5808,0.24
5809,0.42
5810,0.54
5811,0.39
5812,0.41
5813,0.57
5814,0.48
5815,0.27
5816,0.54
5817,0.37
5818,0.87
5819,0.39
5820,0.51
5821,0.49
5822,0.74
5823,0.42
5824,0.55
5825,0.60
5826,0.89
5827,0.42
5828,0.43
5829,0.28
5830,0.46
5831,0.57
5832,0.59
5833,0.35
5834,0.54
5835,0.21
5836,0.23
5837,0.47
5838,0.43
5839,0.74
5840,0.19
5841,0.50
5842,0.60
5843,0.91
5844,0.46
5845,0.90
5846,0.49
5847,0.33
5848,0.26
5849,0.37
5850,0.37
5851,0.50
5852,0.48
5853,0.41
5854,0.30
5855,0.54
5856,0.44
5857,0.74
5858,0.44
5859,0.33
5860,0.56
5861,0.22
5862,0.54
5863,0.45
5864,0.92
5865,0.56
5866,0.47
5867,0.92
5868,0.39
5869,0.39
5870,0.22
5871,0.48
5872,0.74
5873,0.89
5874,0.42
5875,0.43
5876,0.21
5877,0.89
5878,0.51
5879,0.40
5880,0.54
5881,0.34
5882,0.21
5883,0.92
5884,0.89
5885,0.49
5886,0.45
5887,0.51
5888,0.22
5889,0.43
5890,0.41
5891,0.39
5892,0.42
5893,0.36
5894,0.58
5895,0.46
5896,0.50
5897,0.42
5898,0.46
5899,0.37
5900,0.44
5901,0.43
5902,0.53
5903,0.59
5904,0.21
5905,0.74
5906,0.57
5907,0.55
5908,0.45
5909,0.35
5910,0.92
5911,0.21
5912,0.38
5913,0.91
5914,0.47
5915,0.27
5916,0.40
5917,0.61
5918,0.31
5919,0.41
5920,0.49
5921,0.49
5922,0.57
5923,0.89
5924,0.21
5925,0.51
5926,0.60
5927,0.21
5928,0.52
5929,0.56
5930,0.56
5931,0.46
5932,0.73
5933,0.92
5934,0.44
5935,0.31
5936,0.28
5937,0.58
5938,0.48
5939,0.37
5940,0.20
5941,0.92
5942,0.46
5943,0.38
5944,0.92
5945,0.92
5946,0.48
5947,0.58
5948,0.45
5949,0.73
5950,0.21
5951,0.57
5952,0.44
5953,0.25
5954,0.57
5955,0.45
5956,0.53
5957,0.21
5958,0.41
5959,0.45
5960,0.42
5961,0.46
5962,0.57
5963,0.75
5964,0.77
5965,0.54
5966,0.74
5967,0.45
5968,0.46
5969,0.24
5970,0.53
5971,0.57
5972,0.89
5973,0.40
5974,0.60
5975,0.51
5976,0.22
5977,0.21
5978,0.53
5979,0.44
5980,0.54
5981,0.51
5982,0.48
5983,0.37
5984,0.41
5985,0.55
5986,0.43
5987,0.43
5988,0.89
5989,0.48
5990,0.92
5991,0.89
5992,0.45
5993,0.45
5994,0.55
5995,0.92
5996,0.44
5997,0.57
5998,0.35
5999,0.55
6000,0.92
6001,0.53
6002,0.92
6003,0.75
6004,0.39
6005,0.51
6006,0.21
6007,0.38
6008,0.52
6009,0.58
6010,0.38
6011,0.49
6012,0.45
6013,0.45
6014,0.55
6015,0.58
6016,0.52
6017,0.59
6018,0.56
6019,0.50
6020,0.56
6021,0.40
6022,0.22
6023,0.51
6024,0.50
6025,0.40
6026,0.37
6027,0.91
6028,0.58
6029,0.49
6030,0.58
6031,0.43
6032,0.92
6033,0.48
6034,0.53
6035,0.37
6036,0.92
6037,0.54
6038,0.27
6039,0.48
6040,0.48
6041,0.32
6042,0.47
6043,0.58
6044,0.57
6045,0.20
6046,0.58
6047,0.90
6048,0.48
6049,0.35
6050,0.91
6051,0.53
6052,0.52
6053,0.56
6054,0.60
6055,0.39
6056,0.36
6057,0.56
6058,0.86
6059,0.58
6060,0.43
6061,0.50
6062,0.53
6063,0.34
6064,0.50
6065,0.59
6066,0.56
6067,0.54
6068,0.42
6069,0.60
6070,0.56
6071,0.92
6072,0.40
6073,0.88
6074,0.23
6075,0.34
6076,0.40
6077,0.44
6078,0.54
6079,0.19
6080,0.41
6081,0.45
6082,0.26
6083,0.56
6084,0.55
6085,0.45
6086,0.46
6087,0.55
6088,0.54
6089,0.51
6090,0.40
6091,0.46
6092,0.27
6093,0.52
6094,0.55
6095,0.20
6096,0.54
6097,0.55
6098,0.57
6099,0.58
6100,0.57
6101,0.49
6102,0.38
6103,0.88
6104,0.22
6105,0.33
6106,0.47
6107,0.55
6108,0.33
6109,0.48
6110,0.43
6111,0.51
6112,0.21
6113,0.56
6114,0.42
6115,0.37
6116,0.56
6117,0.40
6118,0.45
6119,0.43
6120,0.26
6121,0.87
6122,0.23
6123,0.21
6124,0.41
6125,0.52
6126,0.50
6127,0.47
6128,0.44
6129,0.43
6130,0.42
6131,0.92
6132,0.47
6133,0.58
6134,0.40
6135,0.54
6136,0.54
6137,0.48
6138,0.45
6139,0.89
6140,0.45
6141,0.88
6142,0.92
6143,0.43
6144,0.44
6145,0.57
6146,0.54
6147,0.41
6148,0.47
6149,0.32
6150,0.44
6151,0.41
6152,0.51
6153,0.54
6154,0.92
6155,0.31
6156,0.23
6157,0.46
6158,0.38
6159,0.31
6160,0.37
6161,0.21
6162,0.56
6163,0.50
6164,0.51
6165,0.57
6166,0.46
6167,0.43
6168,0.43
6169,0.43
6170,0.50
6171,0.92
6172,0.46
6173,0.42
6174,0.41
6175,0.45
6176,0.47
6177,0.58
6178,0.23
6179,0.46
6180,0.54
6181,0.20
6182,0.92
6183,0.51
6184,0.43
6185,0.48
6186,0.60
6187,0.59
6188,0.50
6189,0.92
6190,0.42
6191,0.55
6192,0.58
6193,0.89
6194,0.21
6195,0.58
6196,0.60
6197,0.92
6198,0.45
6199,0.60
6200,0.37
6201,0.51
6202,0.36
6203,0.21
6204,0.92
6205,0.43
6206,0.89
6207,0.44
6208,0.43
6209,0.20
6210,0.39
6211,0.42
6212,0.52
6213,0.21
6214,0.50
6215,0.42
6216,0.45
6217,0.50
6218,0.22
6219,0.92
6220,0.41
6221,0.40
6222,0.40
6223,0.92
6224,0.23
6225,0.49
6226,0.62
6227,0.55
6228,0.60
6229,0.90
6230,0.92
6231,0.51
6232,0.20
6233,0.54
6234,0.91
6235,0.49
6236,0.55
6237,0.47
6238,0.54
6239,0.52
6240,0.54
6241,0.57
6242,0.55
6243,0.44
6244,0.45
6245,0.44
6246,0.42
6247,0.44
6248,0.59
6249,0.41
6250,0.92
6251,0.40
6252,0.41
6253,0.54
6254,0.37
6255,0.47
6256,0.42
6257,0.53
6258,0.55
6259,0.46
6260,0.57
6261,0.36
6262,0.58
6263,0.55
6264,0.27
6265,0.20
6266,0.92
6267,0.64
6268,0.76
6269,0.43
6270,0.47
6271,0.52
6272,0.39
6273,0.25
6274,0.36
6275,0.42
6276,0.52
6277,0.58
6278,0.49
6279,0.43
6280,0.92
6281,0.27
6282,0.40
6283,0.23
6284,0.56
6285,0.56
6286,0.58
6287,0.53
6288,0.58
6289,0.35
6290,0.91
6291,0.45
6292,0.42
6293,0.43
6294,0.40
6295,0.73
6296,0.90
6297,0.45
6298,0.41
6299,0.89
6300,0.53
6301,0.45
6302,0.37
6303,0.23
6304,0.92
6305,0.41
6306,0.51
6307,0.59
6308,0.42
6309,0.39
6310,0.59
6311,0.22
6312,0.20
6313,0.55
6314,0.37
6315,0.52
6316,0.86
6317,0.46
6318,0.54
6319,0.45
6320,0.76
6321,0.60
6322,0.50
6323,0.36
6324,0.91
6325,0.45
6326,0.29
6327,0.57
6328,0.20
6329,0.42
6330,0.55
6331,0.47
6332,0.45
6333,0.53
6334,0.37
6335,0.57
6336,0.52
6337,0.40
6338,0.52
6339,0.35
6340,0.21
6341,0.53
6342,0.41
6343,0.37
6344,0.90
6345,0.38
6346,0.91
6347,0.42
6348,0.92
6349,0.56
6350,0.37
6351,0.49
6352,0.92
6353,0.50
6354,0.42
6355,0.46
6356,0.31
6357,0.89
6358,0.37
6359,0.49
6360,0.89
6361,0.33
6362,0.50
6363,0.92
6364,0.45
6365,0.30
6366,0.22
6367,0.57
6368,0.27
6369,0.92
6370,0.56
6371,0.74
6372,0.23
6373,0.51
6374,0.46
6375,0.24
6376,0.90
6377,0.43
6378,0.88
6379,0.55
6380,0.34
6381,0.47
6382,0.52
6383,0.53
6384,0.41
6385,0.57
6386,0.48
6387,0.33
6388,0.49
6389,0.55
6390,0.56
6391,0.56
6392,0.40
6393,0.58
6394,0.32
6395,0.41
6396,0.89
6397,0.21
6398,0.47
6399,0.23
6400,0.41
6401,0.45
6402,0.22
6403,0.50
6404,0.89
6405,0.47
6406,0.45
6407,0.73
6408,0.54
6409,0.40
6410,0.40
6411,0.40
6412,0.55
6413,0.32
6414,0.52
6415,0.54
6416,0.42
6417,0.20
6418,0.21
6419,0.50
6420,0.59
6421,0.55
6422,0.28
6423,0.24
6424,0.47
6425,0.58
6426,0.89
6427,0.43
6428,0.38
6429,0.48
6430,0.91
6431,0.21
6432,0.46
6433,0.33
6434,0.37
6435,0.23
6436,0.21
6437,0.61
6438,0.43
6439,0.47
6440,0.47
6441,0.47
6442,0.46
6443,0.42
6444,0.34
6445,0.21
6446,0.48
6447,0.49
6448,0.88
6449,0.51
6450,0.28
6451,0.45
6452,0.58
6453,0.58
6454,0.54
6455,0.43
6456,0.86
6457,0.42
6458,0.41
6459,0.47
6460,0.25
6461,0.29
6462,0.35
6463,0.39
6464,0.53
6465,0.39
6466,0.46
6467,0.73
6468,0.91
6469,0.45
6470,0.40
6471,0.56
6472,0.43
6473,0.53
6474,0.55
6475,0.55
6476,0.92
6477,0.48
6478,0.27
6479,0.43
6480,0.37
6481,0.44
6482,0.47
6483,0.46
6484,0.53
6485,0.48
6486,0.28
6487,0.51
6488,0.89
6489,0.21
6490,0.43
6491,0.42
6492,0.23
6493,0.54
6494,0.49
6495,0.46
6496,0.46
6497,0.50
6498,0.21
6499,0.59
6500,0.52
6501,0.45
6502,0.48
6503,0.46
6504,0.24
6505,0.48
6506,0.56
6507,0.38
6508,0.56
6509,0.43
6510,0.57
6511,0.89
6512,0.92
6513,0.40
6514,0.52
6515,0.47
6516,0.26
6517,0.50
6518,0.46
6519,0.36
6520,0.22
6521,0.57
6522,0.55
6523,0.38
6524,0.40
6525,0.48
6526,0.57
6527,0.50
6528,0.92
6529,0.44
6530,0.92
6531,0.46
6532,0.23
6533,0.47
6534,0.56
6535,0.22
6536,0.92
6537,0.50
6538,0.58
6539,0.39
6540,0.56
6541,0.46
6542,0.37
6543,0.92
6544,0.57
6545,0.31
6546,0.46
6547,0.45
6548,0.55
6549,0.89
6550,0.51
6551,0.57
6552,0.23
6553,0.56
6554,0.39
6555,0.53
6556,0.45
6557,0.43
6558,0.47
6559,0.42
6560,0.22
6561,0.49
6562,0.48
6563,0.56
6564,0.32
6565,0.44
6566,0.23
6567,0.89
6568,0.60
6569,0.23
6570,0.46
6571,0.75
6572,0.57
6573,0.52
6574,0.91
6575,0.49
6576,0.25
6577,0.37
6578,0.41
6579,0.39
6580,0.47
6581,0.43
6582,0.38
6583,0.57
6584,0.57
6585,0.43
6586,0.53
6587,0.28
6588,0.43
6589,0.31
6590,0.38
6591,0.37
6592,0.92
6593,0.43
6594,0.40
6595,0.58
6596,0.43
6597,0.51
6598,0.42
6599,0.41
6600,0.54
6601,0.54
6602,0.45
6603,0.26
6604,0.45
6605,0.25
6606,0.27
6607,0.44
6608,0.50
6609,0.49
6610,0.21
6611,0.25
6612,0.25
6613,0.55
6614,0.51
6615,0.56
6616,0.23
6617,0.91
6618,0.29
6619,0.86
6620,0.43
6621,0.21
6622,0.54
6623,0.37
6624,0.46
6625,0.48
6626,0.51
6627,0.48
6628,0.55
6629,0.50
6630,0.91
6631,0.47
6632,0.55
6633,0.43
6634,0.38
6635,0.87
6636,0.41
6637,0.89
6638,0.43
6639,0.92
6640,0.58
6641,0.88
6642,0.37
6643,0.23
6644,0.23
6645,0.52
6646,0.28
6647,0.50
6648,0.22
6649,0.21
6650,0.28
6651,0.61
6652,0.46
6653,0.49
6654,0.48
6655,0.47
6656,0.42
6657,0.57
6658,0.43
6659,0.44
6660,0.90
6661,0.55
6662,0.45
6663,0.49
6664,0.53
6665,0.55
6666,0.46
6667,0.59
6668,0.51
6669,0.58
6670,0.59
6671,0.91
6672,0.49
6673,0.20
6674,0.49
6675,0.39
6676,0.58
6677,0.47
6678,0.56
6679,0.59
6680,0.20
6681,0.55
6682,0.39
6683,0.39
6684,0.73
6685,0.53
6686,0.43
6687,0.48
6688,0.51
6689,0.92
6690,0.49
6691,0.56
6692,0.76
6693,0.49
6694,0.44
6695,0.25
6696,0.89
6697,0.40
6698,0.41
6699,0.47
6700,0.25
6701,0.48
6702,0.21
6703,0.21
6704,0.58
6705,0.21
6706,0.54
6707,0.44
6708,0.52
6709,0.56
6710,0.21
6711,0.57
6712,0.52
6713,0.47
6714,0.20
6715,0.43
6716,0.52
6717,0.37
6718,0.43
6719,0.46
6720,0.40
6721,0.57
6722,0.50
6723,0.91
6724,0.48
6725,0.32
6726,0.54
6727,0.44
6728,0.21
6729,0.92
6730,0.57
6731,0.53
6732,0.92
6733,0.52
6734,0.54
6735,0.52
6736,0.51
6737,0.58
6738,0.50
6739,0.45
6740,0.41
6741,0.49
6742,0.42
6743,0.20
6744,0.89
6745,0.89
6746,0.39
6747,0.36
6748,0.57
6749,0.89
6750,0.44
6751,0.21
6752,0.38
6753,0.30
6754,0.46
6755,0.25
6756,0.42
6757,0.58
6758,0.54
6759,0.38
6760,0.57
6761,0.22
6762,0.20
6763,0.43
6764,0.35
6765,0.19
6766,0.49
6767,0.46
6768,0.47
6769,0.39
6770,0.89
6771,0.57
6772,0.52
6773,0.22
6774,0.44
6775,0.58
6776,0.52
6777,0.47
6778,0.43
6779,0.44
6780,0.50
6781,0.92
6782,0.47
6783,0.53
6784,0.77
6785,0.38
6786,0.44
6787,0.56
6788,0.45
6789,0.92
6790,0.35
6791,0.21
6792,0.92
6793,0.37
6794,0.37
6795,0.48
6796,0.92
6797,0.51
6798,0.92
6799,0.23
6800,0.89
6801,0.89
6802,0.50
6803,0.56
6804,0.20
6805,0.89
6806,0.55
6807,0.50
6808,0.21
6809,0.29
6810,0.21
6811,0.56
6812,0.43
6813,0.44
6814,0.41
6815,0.46
6816,0.73
6817,0.56
6818,0.47
6819,0.40
6820,0.31
6821,0.77
6822,0.43
6823,0.53
6824,0.38
6825,0.76
6826,0.49
6827,0.27
6828,0.37
6829,0.55
6830,0.38
6831,0.92
6832,0.23
6833,0.89
6834,0.57
6835,0.42
6836,0.46
6837,0.21
6838,0.56
6839,0.40
6840,0.22
6841,0.48
6842,0.58
6843,0.50
6844,0.38
6845,0.42
6846,0.56
6847,0.92
6848,0.42
6849,0.58
6850,0.49
6851,0.24
6852,0.48
6853,0.45
6854,0.55
6855,0.34
6856,0.45
6857,0.44
6858,0.59
6859,0.50
6860,0.49
6861,0.91
6862,0.92
6863,0.42
6864,0.56
6865,0.22
6866,0.45
6867,0.57
6868,0.56
6869,0.56
6870,0.56
6871,0.40
6872,0.38
6873,0.89
6874,0.50
6875,0.48
6876,0.40
6877,0.38
6878,0.20
6879,0.44
6880,0.50
6881,0.58
6882,0.43
6883,0.57
6884,0.58
6885,0.44
6886,0.41
6887,0.54
6888,0.39
6889,0.22
6890,0.89
6891,0.52
6892,0.89
6893,0.46
6894,0.92
6895,0.91
6896,0.25
6897,0.89
6898,0.50
6899,0.52
6900,0.92
6901,0.45
6902,0.42
6903,0.20
6904,0.50
6905,0.44
6906,0.24
6907,0.38
6908,0.42
6909,0.35
6910,0.45
6911,0.89
6912,0.46
6913,0.48
6914,0.41
6915,0.38
6916,0.45
6917,0.53
6918,0.47
6919,0.57
6920,0.41
6921,0.59
6922,0.46
6923,0.20
6924,0.72
6925,0.36
6926,0.55
6927,0.44
6928,0.60
6929,0.44
6930,0.37
6931,0.76
6932,0.87
6933,0.55
6934,0.50
6935,0.57
6936,0.91
6937,0.59
6938,0.39
6939,0.20
6940,0.92
6941,0.58
6942,0.48
6943,0.41
6944,0.42
6945,0.46
6946,0.44
6947,0.43
6948,0.30
6949,0.92
6950,0.49
6951,0.74
6952,0.47
6953,0.48
6954,0.54
6955,0.47
6956,0.25
6957,0.32
6958,0.27
6959,0.58
6960,0.29
6961,0.92
6962,0.27
6963,0.60
6964,0.54
6965,0.92
6966,0.21
6967,0.43
6968,0.56
6969,0.73
6970,0.20
6971,0.35
6972,0.43
6973,0.49
6974,0.60
6975,0.74
6976,0.50
6977,0.20
6978,0.46
6979,0.37
6980,0.55
6981,0.20
6982,0.43
6983,0.73
6984,0.42
6985,0.20
6986,0.48
6987,0.57
6988,0.48
6989,0.58
6990,0.49
6991,0.54
6992,0.37
6993,0.46
6994,0.57
6995,0.89
6996,0.48
6997,0.92
6998,0.45
6999,0.48
7000,0.46
7001,0.49
7002,0.54
7003,0.42
7004,0.91
7005,0.60
7006,0.48
7007,0.49
7008,0.59
7009,0.59
7010,0.40
7011,0.44
7012,0.22
7013,0.92
7014,0.48
7015,0.55
7016,0.47
7017,0.43
7018,0.21
7019,0.57
7020,0.38
7021,0.45
7022,0.23
7023,0.52
7024,0.56
7025,0.40
7026,0.61
7027,0.24
7028,0.45
7029,0.47
7030,0.42
7031,0.28
7032,0.58
7033,0.22
7034,0.89
7035,0.89
7036,0.52
7037,0.22
7038,0.26
7039,0.41
7040,0.48
7041,0.51
7042,0.50
7043,0.39
7044,0.42
7045,0.58
7046,0.58
7047,0.40
7048,0.57
7049,0.55
7050,0.43
7051,0.52
7052,0.44
7053,0.43
7054,0.27
7055,0.54
7056,0.43
7057,0.44
7058,0.51
7059,0.30
7060,0.48
7061,0.20
7062,0.56
7063,0.46
7064,0.37
7065,0.92
7066,0.55
7067,0.48
7068,0.39
7069,0.56
7070,0.57
7071,0.52
7072,0.89
7073,0.22
7074,0.39
7075,0.22
7076,0.55
7077,0.20
7078,0.40
7079,0.92
7080,0.89
7081,0.48
7082,0.24
7083,0.36
7084,0.44
7085,0.43
7086,0.36
7087,0.92
7088,0.48
7089,0.45
7090,0.45
7091,0.46
7092,0.58
7093,0.50
7094,0.22
7095,0.59
7096,0.58
7097,0.39
7098,0.57
7099,0.36
7100,0.56
7101,0.40
7102,0.52
7103,0.48
7104,0.37
7105,0.60
7106,0.89
7107,0.43
7108,0.53
7109,0.49
7110,0.21
7111,0.56
7112,0.37
7113,0.53
7114,0.49
7115,0.38
7116,0.55
7117,0.21
7118,0.45
7119,0.58
7120,0.46
7121,0.36
7122,0.43
7123,0.89
7124,0.39
7125,0.38
7126,0.44
7127,0.42
7128,0.46
7129,0.49
7130,0.89
7131,0.46
7132,0.23
7133,0.22
7134,0.37
7135,0.53
7136,0.48
7137,0.28
7138,0.55
7139,0.45
7140,0.22
7141,0.45
7142,0.21
7143,0.38
7144,0.41
7145,0.88
7146,0.40
7147,0.36
7148,0.43
7149,0.86
7150,0.51
7151,0.22
7152,0.28
7153,0.40
7154,0.49
7155,0.89
7156,0.51
7157,0.46
7158,0.54
7159,0.46
7160,0.41
7161,0.23
7162,0.23
7163,0.42
7164,0.60
7165,0.48
7166,0.92
7167,0.41
7168,0.37
7169,0.37
7170,0.61
7171,0.21
7172,0.47
7173,0.31
7174,0.52
7175,0.35
7176,0.52
7177,0.55
7178,0.33
7179,0.92
7180,0.89
7181,0.77
7182,0.33
7183,0.92
7184,0.92
7185,0.57
7186,0.30
7187,0.48
7188,0.41
7189,0.21
7190,0.57
7191,0.44
7192,0.89
7193,0.44
7194,0.58
7195,0.54
7196,0.39
7197,0.37
7198,0.53
7199,0.21
7200,0.87
7201,0.58
7202,0.54
7203,0.53
7204,0.20
7205,0.56
7206,0.39
7207,0.42
7208,0.40
7209,0.50
7210,0.45
7211,0.53
7212,0.36
7213,0.50
7214,0.42
7215,0.22
7216,0.92
7217,0.92
7218,0.50
7219,0.42
7220,0.72
7221,0.58
7222,0.90
7223,0.41
7224,0.51
7225,0.91
7226,0.47
7227,0.38
7228,0.41
7229,0.30
7230,0.35
7231,0.37
7232,0.39
7233,0.57
7234,0.48
7235,0.23
7236,0.51
7237,0.57
7238,0.42
7239,0.36
7240,0.40
7241,0.45
7242,0.46
7243,0.25
7244,0.52
7245,0.36
7246,0.21
7247,0.35
7248,0.34
7249,0.52
7250,0.45
7251,0.59
7252,0.58
7253,0.43
7254,0.41
7255,0.92
7256,0.47
7257,0.58
7258,0.89
7259,0.58
7260,0.38
7261,0.37
7262,0.60
7263,0.61
7264,0.42
7265,0.43
7266,0.39
7267,0.92
7268,0.42
7269,0.89
7270,0.46
7271,0.48
7272,0.45
7273,0.42
7274,0.89
7275,0.87
7276,0.60
7277,0.39
7278,0.55
7279,0.44
7280,0.47
7281,0.44
7282,0.44
7283,0.43
7284,0.50
7285,0.52
7286,0.58
7287,0.74
7288,0.57
7289,0.52
7290,0.50
7291,0.59
7292,0.41
7293,0.50
7294,0.36
7295,0.20
7296,0.89
7297,0.55
7298,0.91
7299,0.40
7300,0.46
7301,0.49
7302,0.53
7303,0.50
7304,0.21
7305,0.74
7306,0.49
7307,0.52
7308,0.21
7309,0.42
7310,0.73
7311,0.45
7312,0.44
7313,0.53
7314,0.37
7315,0.48
7316,0.49
7317,0.46
7318,0.43
7319,0.48
7320,0.41
7321,0.50
7322,0.89
7323,0.32
7324,0.92
7325,0.45
7326,0.47
7327,0.55
7328,0.39
7329,0.56
7330,0.49
7331,0.45
7332,0.40
7333,0.55
7334,0.54
7335,0.54
7336,0.43
7337,0.50
7338,0.50
7339,0.43
7340,0.44
7341,0.54
7342,0.89
7343,0.49
7344,0.42
7345,0.25
7346,0.49
7347,0.92
7348,0.38
7349,0.92
7350,0.32
7351,0.60
7352,0.58
7353,0.39
7354,0.89
7355,0.92
7356,0.51
7357,0.41
7358,0.21
7359,0.59
7360,0.52
7361,0.58
7362,0.91
7363,0.43
7364,0.39
7365,0.42
7366,0.43
7367,0.87
7368,0.60
7369,0.73
7370,0.57
7371,0.46
7372,0.38
7373,0.92
7374,0.51
7375,0.42
7376,0.92
7377,0.22
7378,0.43
7379,0.45
7380,0.57
7381,0.48
7382,0.37
7383,0.48
7384,0.74
7385,0.20
7386,0.54
7387,0.47
7388,0.50
7389,0.88
7390,0.51
7391,0.46
7392,0.41
7393,0.48
7394,0.90
7395,0.55
7396,0.44
7397,0.50
7398,0.34
7399,0.35
7400,0.51
7401,0.92
7402,0.27
7403,0.39
7404,0.48
7405,0.48
7406,0.21
7407,0.50
7408,0.48
7409,0.27
7410,0.37
7411,0.22
7412,0.38
7413,0.20
7414,0.88
7415,0.27
7416,0.20
7417,0.91
7418,0.20
7419,0.44
7420,0.92
7421,0.48
